date,commits,orgs,lines_added,lines_deleted,files_changed,contributors
1992-10-31,6,meyering:6,14235,30,57,6
1992-11-01,5,meyering:5,11417,208,75,5
1992-11-08,3,meyering:3,23690,521,56,3
1992-11-09,1,meyering:1,283,265,17,1
1992-11-12,4,meyering:4,186,161,21,4
1992-11-13,2,meyering:2,7,0,2,2
1992-11-19,1,meyering:1,245,51,14,1
1992-11-24,7,meyering:7,401,251,7,7
1992-12-02,8,meyering:8,239,214,48,8
1992-12-07,6,meyering:6,53,145,19,6
1992-12-08,6,meyering:6,35,10,6,6
1992-12-10,2,meyering:2,68,34,7,2
1992-12-13,1,meyering:1,144,86,1,1
1993-01-20,1,meyering:1,135,184,3,1
1993-01-22,1,meyering:1,2,1,1,1
1993-02-08,1,meyering:1,12,1,1,1
1993-02-18,1,meyering:1,5,1,1,1
1993-02-25,3,meyering:3,108,114,3,3
1993-02-26,1,meyering:1,16,5,1,1
1993-03-02,5,meyering:5,190,17,9,5
1993-03-06,1,meyering:1,1,1,1,1
1993-03-22,2,meyering:2,10,7,2,2
1993-03-23,2,meyering:2,229,24,2,2
1993-03-24,3,meyering:3,33,10,3,3
1993-03-26,4,meyering:4,23,3,4,4
1993-03-28,9,meyering:9,166,41,9,9
1993-03-29,1,meyering:1,71,22,10,1
1993-03-30,5,meyering:5,18,6,9,5
1993-03-31,6,meyering:6,159,64,8,6
1993-04-01,4,meyering:4,63,26,8,4
1993-04-02,6,meyering:6,356,98,21,6
1993-04-04,21,meyering:21,146,95,37,21
1993-04-05,6,meyering:6,41,1,14,6
1993-04-06,2,meyering:2,3,2,2,2
1993-04-08,1,meyering:1,1,1,1,1
1993-04-15,1,meyering:1,74,11,5,1
1993-04-19,1,meyering:1,51,12,3,1
1993-04-22,1,meyering:1,33,7,4,1
1993-04-24,1,meyering:1,16,0,1,1
1993-04-29,2,meyering:2,620,189,23,2
1993-05-01,3,meyering:3,137,37,8,3
1993-05-02,1,meyering:1,56,6,5,1
1993-05-06,2,meyering:2,32,3,3,2
1993-05-07,1,meyering:1,48,29,8,1
1993-05-13,1,meyering:1,23,3,3,1
1993-05-22,2,meyering:2,353,100,45,2
1993-05-23,3,meyering:3,802,687,5,3
1993-06-16,2,meyering:2,32,0,6,2
1993-07-24,1,meyering:1,87,28,5,1
1993-08-05,1,meyering:1,162,132,19,1
1993-08-26,1,meyering:1,93,26,9,1
1993-08-27,1,meyering:1,107,34,7,1
1993-09-08,2,meyering:2,657,192,22,2
1993-10-04,2,meyering:2,114,43,11,2
1993-10-05,2,meyering:2,282,192,24,2
1993-10-06,3,meyering:3,373,50,45,3
1993-10-07,1,meyering:1,26,2,4,1
1993-10-08,1,meyering:1,578,241,20,1
1993-10-09,4,meyering:4,129,107,21,4
1993-10-12,6,meyering:6,692,113,60,6
1993-10-13,1,meyering:1,15,6,5,1
1993-10-16,2,meyering:2,18,2,2,2
1993-10-17,4,meyering:4,868,131,28,4
1993-10-18,5,meyering:5,59,40,50,5
1993-10-19,1,meyering:1,160,196,19,1
1993-10-20,3,meyering:3,306,77,3,3
1993-10-21,4,meyering:4,351,41,36,4
1993-10-23,2,meyering:2,922,328,25,2
1993-10-24,3,meyering:3,155,108,42,3
1993-10-26,3,meyering:3,180,191,32,3
1993-10-27,1,meyering:1,11,0,1,1
1993-10-28,1,meyering:1,7,2,2,1
1993-10-30,1,meyering:1,18,6,4,1
1993-11-02,2,meyering:2,49,8,6,2
1993-11-07,1,meyering:1,55,24,3,1
1993-11-09,1,meyering:1,14,1,4,1
1993-11-10,1,meyering:1,6,3,2,1
1993-11-15,4,meyering:4,116,40,12,4
1993-11-16,1,meyering:1,11,0,1,1
1993-11-20,2,meyering:2,119,36,7,2
1993-11-27,2,meyering:2,8,2,2,2
1993-11-30,2,meyering:2,79,46,7,2
1993-12-02,1,meyering:1,4,0,1,1
1993-12-17,2,meyering:2,43,20,6,2
1993-12-19,1,meyering:1,3,1,1,1
1993-12-22,2,meyering:2,480,350,2,2
1993-12-23,3,meyering:3,233,79,15,3
1993-12-28,3,meyering:3,69,36,5,3
1993-12-29,4,meyering:4,132,9,7,4
1994-01-03,2,meyering:2,28,18,6,2
1994-01-07,1,meyering:1,14,3,1,1
1994-01-09,2,meyering:2,138,67,11,2
1994-01-11,2,meyering:2,49,49,2,2
1994-01-24,1,meyering:1,64,0,3,1
1994-01-26,9,meyering:9,198,69,17,9
1994-01-29,2,meyering:2,11,19,2,2
1994-02-01,2,meyering:2,297,72,22,2
1994-02-10,3,meyering:3,101,24,6,3
1994-02-12,1,meyering:1,296,175,6,1
1994-02-13,6,meyering:6,94,160,8,6
1994-02-14,1,meyering:1,57,3,5,1
1994-02-16,2,meyering:2,47,8,2,2
1994-02-19,1,meyering:1,4,0,1,1
1994-02-20,1,meyering:1,10,3,2,1
1994-03-08,3,meyering:3,90,94,4,3
1994-03-14,4,meyering:4,201,118,4,4
1994-03-16,2,meyering:2,39,45,2,2
1994-03-23,1,meyering:1,3,2,2,1
1994-03-25,4,meyering:4,55,623,9,4
1994-03-26,1,meyering:1,83,21,2,1
1994-03-28,2,meyering:2,47,58,2,2
1994-03-30,1,meyering:1,30,19,2,1
1994-04-04,1,meyering:1,615,5,3,1
1994-04-11,2,meyering:2,11,11,2,2
1994-04-13,2,meyering:2,22,24,22,2
1994-04-16,2,meyering:2,8,2,2,2
1994-04-19,3,meyering:3,47,66,13,3
1994-04-20,1,meyering:1,59,15,16,1
1994-04-24,1,meyering:1,31,19,1,1
1994-04-25,4,meyering:4,28,18,5,4
1994-04-27,1,meyering:1,81,0,1,1
1994-04-28,3,meyering:3,150,1,5,3
1994-04-29,1,meyering:1,78,6,1,1
1994-05-01,2,meyering:2,10,2,3,2
1994-05-02,1,meyering:1,29,0,1,1
1994-05-06,3,meyering:3,128,32,6,3
1994-05-08,2,meyering:2,104,0,2,2
1994-05-13,5,meyering:5,67,5,6,5
1994-05-14,1,meyering:1,10,1,3,1
1994-05-20,2,meyering:2,64,3,5,2
1994-05-29,1,meyering:1,7,4,1,1
1994-05-30,2,meyering:2,21,0,2,2
1994-06-02,1,meyering:1,4,0,1,1
1994-06-18,1,meyering:1,1,1,1,1
1994-06-19,2,meyering:2,41,1,3,2
1994-06-20,2,meyering:2,34,32,11,2
1994-06-22,2,meyering:2,8,2,2,2
1994-06-30,2,meyering:2,41,33,2,2
1994-07-01,11,meyering:11,608,47,15,11
1994-07-02,1,meyering:1,4,1,1,1
1994-07-03,3,meyering:3,42,9,4,3
1994-07-05,1,meyering:1,12,16,2,1
1994-07-12,1,meyering:1,3,3,1,1
1994-07-13,4,meyering:4,220,76,6,4
1994-07-22,3,meyering:3,10,6,3,3
1994-07-23,3,meyering:3,175,52,4,3
1994-07-26,2,meyering:2,58,34,6,2
1994-07-30,12,meyering:12,282,81,23,12
1994-08-03,2,meyering:2,0,6,2,2
1994-08-19,8,meyering:8,399,126,11,8
1994-08-25,1,meyering:1,11,5,1,1
1994-08-27,6,meyering:6,119,56,12,6
1994-09-01,1,meyering:1,8,1,2,1
1994-09-03,3,meyering:3,7034,6,3,3
1994-09-04,3,meyering:3,6,6,3,3
1994-09-05,1,meyering:1,5,3,1,1
1994-09-06,1,meyering:1,16,16,1,1
1994-09-08,1,meyering:1,31,3,3,1
1994-09-12,1,meyering:1,21,7,1,1
1994-09-15,1,meyering:1,29,26,1,1
1994-09-17,4,meyering:4,110,36,7,4
1994-09-18,2,meyering:2,18,2,3,2
1994-09-19,1,meyering:1,13,1,2,1
1994-09-24,14,meyering:14,564,527,17,14
1994-09-25,6,meyering:6,316,198,12,6
1994-09-26,1,meyering:1,1,1,1,1
1994-09-27,3,meyering:3,139,399,39,3
1994-09-28,1,meyering:1,128,79,3,1
1994-09-29,4,meyering:4,1218,49,5,4
1994-09-30,3,meyering:3,17,17,3,3
1994-10-01,8,meyering:8,409,425,37,8
1994-10-02,9,meyering:9,583,524,54,9
1994-10-03,1,meyering:1,5,3,2,1
1994-10-05,1,meyering:1,23,13,2,1
1994-10-07,2,meyering:2,11,10,2,2
1994-10-08,13,meyering:13,302,90,28,13
1994-10-09,3,meyering:3,7,16,4,3
1994-10-10,1,meyering:1,1,1,1,1
1994-10-11,1,meyering:1,4,4,2,1
1994-10-13,3,meyering:3,219,28,5,3
1994-10-15,1,meyering:1,460,0,1,1
1994-10-17,4,meyering:4,30,27,4,4
1994-10-18,3,meyering:3,240,201,4,3
1994-10-19,2,meyering:2,17,196,24,2
1994-10-20,7,meyering:7,1362,266,16,7
1994-10-21,2,meyering:2,28,7,7,2
1994-10-24,1,meyering:1,12,1,2,1
1994-10-27,8,meyering:8,135,79,13,8
1994-10-28,2,meyering:2,3,2,2,2
1994-10-29,2,meyering:2,24,12,2,2
1994-10-30,2,meyering:2,16,6,3,2
1994-10-31,4,meyering:4,18,5,5,4
1994-11-01,5,meyering:5,241,9,6,5
1994-11-02,4,meyering:4,17,15,4,4
1994-11-03,7,meyering:7,161,64,13,7
1994-11-04,12,meyering:12,139,64,14,12
1994-11-05,2,meyering:2,15,1,4,2
1994-11-06,4,meyering:4,3529,5,10,4
1994-11-07,6,meyering:6,194,176,15,6
1994-11-08,1,meyering:1,18,6,4,1
1994-11-09,1,meyering:1,2,0,1,1
1994-11-11,2,meyering:2,58,5,2,2
1994-11-14,1,meyering:1,19,3,2,1
1994-11-16,7,meyering:7,102,68,7,7
1994-11-17,3,meyering:3,38,22,4,3
1994-11-18,1,meyering:1,266,206,1,1
1994-11-21,1,meyering:1,2,1,1,1
1994-11-28,4,meyering:4,890,435,4,4
1994-11-30,1,meyering:1,60,60,1,1
1994-12-02,2,meyering:2,22,11,2,2
1994-12-03,3,meyering:3,55,37,3,3
1994-12-04,9,meyering:9,614,61,15,9
1994-12-07,1,meyering:1,569,10,1,1
1994-12-10,12,meyering:12,111,83,12,12
1994-12-11,5,meyering:5,139,153,5,5
1994-12-12,3,meyering:3,840,1,4,3
1994-12-13,2,meyering:2,25,24,2,2
1994-12-16,4,meyering:4,52,140,23,4
1994-12-20,13,meyering:13,391,70,35,13
1994-12-22,2,meyering:2,55,37,2,2
1994-12-27,9,meyering:9,143,98,27,9
1994-12-31,14,meyering:14,487,50,13,14
1995-01-08,3,meyering:3,38,35,3,3
1995-01-12,1,meyering:1,10,8,1,1
1995-01-17,1,meyering:1,4,4,1,1
1995-01-25,3,meyering:3,61,65,3,3
1995-01-27,18,meyering:18,392,92,35,18
1995-01-28,14,meyering:14,69,36,14,14
1995-01-29,3,meyering:3,4,2,3,3
1995-02-09,2,meyering:2,37,5,2,2
1995-02-10,2,meyering:2,14,10,2,2
1995-02-11,7,meyering:7,421,18,7,7
1995-02-16,2,meyering:2,146,99,3,2
1995-02-21,2,meyering:2,113,47,2,2
1995-02-23,2,meyering:2,2,6,2,2
1995-02-24,1,meyering:1,15,0,1,1
1995-02-26,2,meyering:2,3,2,2,2
1995-02-27,10,meyering:10,67,32,10,10
1995-02-28,4,meyering:4,27,27,4,4
1995-03-06,2,meyering:2,120,47,2,2
1995-03-09,2,meyering:2,47,47,47,2
1995-03-10,1,meyering:1,19,19,19,1
1995-03-12,8,meyering:8,123,55,10,8
1995-03-16,1,meyering:1,15,9,1,1
1995-03-17,2,meyering:2,6,1,2,2
1995-03-20,3,meyering:3,167,98,5,3
1995-03-21,5,meyering:5,22,7,6,5
1995-03-24,1,meyering:1,32,32,1,1
1995-03-25,2,meyering:2,3,3,2,2
1995-04-03,2,meyering:2,5,3,2,2
1995-04-04,1,meyering:1,3,3,1,1
1995-04-14,3,meyering:3,12,19,3,3
1995-04-15,1,meyering:1,22,0,1,1
1995-04-19,1,meyering:1,19,0,2,1
1995-04-21,4,meyering:4,44,7,6,4
1995-04-22,1,meyering:1,7,7,1,1
1995-04-24,1,meyering:1,1,1,1,1
1995-04-25,1,meyering:1,3,4,1,1
1995-04-26,4,meyering:4,171,77,4,4
1995-04-27,5,meyering:5,34,14,6,5
1995-04-30,1,meyering:1,2,3,1,1
1995-05-02,2,meyering:2,7,1,2,2
1995-05-05,7,meyering:7,41,12,7,7
1995-05-07,1,meyering:1,5,0,1,1
1995-05-10,1,meyering:1,45,30,2,1
1995-05-11,1,meyering:1,6,2,2,1
1995-05-12,1,meyering:1,1,0,1,1
1995-05-13,23,meyering:23,275,202,61,23
1995-05-15,3,meyering:3,51,37,27,3
1995-05-16,4,meyering:4,11,7,4,4
1995-05-18,2,meyering:2,5,3,2,2
1995-05-19,3,meyering:3,2,17,9,3
1995-05-20,7,meyering:7,86,44,11,7
1995-05-21,8,meyering:8,67,17,14,8
1995-05-22,4,meyering:4,40,19,19,4
1995-05-25,4,meyering:4,14,4,4,4
1995-05-26,2,meyering:2,4,4,3,2
1995-05-27,2,meyering:2,21,0,4,2
1995-05-28,10,meyering:10,77,63,11,10
1995-05-29,1,meyering:1,3,0,1,1
1995-06-01,1,meyering:1,2,3,3,1
1995-06-07,1,meyering:1,1,1,1,1
1995-06-11,6,meyering:6,659,13,6,6
1995-06-12,6,meyering:6,20,13,6,6
1995-06-13,5,meyering:5,205,166,5,5
1995-06-14,3,meyering:3,37,17,3,3
1995-06-15,9,meyering:9,268,63,10,9
1995-06-16,7,meyering:7,184,126,7,7
1995-06-18,4,meyering:4,59,42,25,4
1995-06-20,1,meyering:1,4,1,1,1
1995-06-22,6,meyering:6,57,27,22,6
1995-06-24,9,meyering:9,61,30,13,9
1995-06-25,2,meyering:2,16,18,2,2
1995-07-03,3,meyering:3,121,71,3,3
1995-07-06,2,meyering:2,13,13,2,2
1995-07-07,2,meyering:2,17,3,2,2
1995-07-09,4,meyering:4,22,8,4,4
1995-07-12,5,meyering:5,147,135,5,5
1995-07-16,5,meyering:5,68,14,5,5
1995-07-20,6,meyering:6,569,508,7,6
1995-07-21,6,meyering:6,138,79,6,6
1995-07-22,1,meyering:1,118,113,1,1
1995-07-25,2,meyering:2,6,6,2,2
1995-07-27,8,meyering:8,303,69,13,8
1995-07-30,8,meyering:8,225,83,8,8
1995-08-02,1,meyering:1,458,0,2,1
1995-08-03,1,meyering:1,11,0,1,1
1995-08-04,4,meyering:4,177,13,5,4
1995-08-05,11,meyering:11,131,233,11,11
1995-08-06,3,meyering:3,84,3,4,3
1995-08-07,6,meyering:6,370,358,29,6
1995-08-08,6,meyering:6,328,288,32,6
1995-08-09,11,meyering:11,125,83,11,11
1995-08-10,1,meyering:1,9,6,1,1
1995-08-11,2,meyering:2,2,1,2,2
1995-09-13,1,meyering:1,1,1,1,1
1995-09-14,2,meyering:2,20,13,2,2
1995-09-18,2,meyering:2,63,68,2,2
1995-09-19,4,meyering:4,211,47,5,4
1995-09-20,1,meyering:1,12,12,1,1
1995-09-21,1,meyering:1,26,7,1,1
1995-09-23,9,meyering:9,121,75,10,9
1995-09-24,1,meyering:1,12,30,2,1
1995-09-25,1,meyering:1,1,0,1,1
1995-09-26,1,meyering:1,4,0,1,1
1995-09-27,2,meyering:2,38,2,4,2
1995-09-29,3,meyering:3,28,13,3,3
1995-10-01,6,meyering:6,45,2,6,6
1995-10-03,4,meyering:4,17,18,4,4
1995-10-04,6,meyering:6,113,115,8,6
1995-10-05,2,meyering:2,9,8,2,2
1995-10-06,5,meyering:5,34,1,5,5
1995-10-08,5,meyering:5,209,114,6,5
1995-10-09,6,meyering:6,70,23,6,6
1995-10-12,2,meyering:2,1,3,2,2
1995-10-13,3,meyering:3,47,15,3,3
1995-10-14,1,meyering:1,7,0,1,1
1995-10-16,3,meyering:3,774,872,3,3
1995-10-17,7,meyering:7,852,910,7,7
1995-10-18,14,meyering:14,199,173,14,14
1995-10-19,8,meyering:8,163,69,9,8
1995-10-20,2,meyering:2,173,80,2,2
1995-10-21,2,meyering:2,4,1,2,2
1995-10-24,2,meyering:2,11,0,2,2
1995-10-26,4,meyering:4,46,15,4,4
1995-10-27,1,meyering:1,2,5,1,1
1995-10-28,7,meyering:7,79,39,7,7
1995-10-29,21,meyering:21,944,936,22,21
1995-10-30,4,meyering:4,290,320,6,4
1995-10-31,8,meyering:8,314,364,8,8
1995-11-02,5,meyering:5,150,162,5,5
1995-11-03,7,meyering:7,405,534,7,7
1995-11-05,8,meyering:8,116,175,8,8
1995-11-06,6,meyering:6,85,104,6,6
1995-11-07,2,meyering:2,27,2,2,2
1995-11-08,5,meyering:5,29,8,5,5
1995-11-09,14,meyering:14,1106,1331,36,14
1995-11-10,19,meyering:19,262,216,20,19
1995-11-11,11,meyering:11,59,17,11,11
1995-11-15,14,meyering:14,321,111,20,14
1995-11-16,3,meyering:3,12,7,3,3
1995-11-17,2,meyering:2,21,2,3,2
1995-11-18,4,meyering:4,24,15,4,4
1995-11-23,1,meyering:1,8,2,1,1
1995-11-24,1,meyering:1,4,4,1,1
1995-11-26,3,meyering:3,45,32,3,3
1995-11-27,6,meyering:6,190,186,59,6
1995-11-28,2,meyering:2,66,11,2,2
1995-11-29,4,meyering:4,285,258,20,4
1995-11-30,13,meyering:13,79,30,17,13
1995-12-01,4,meyering:4,23,3,4,4
1995-12-02,1,meyering:1,9,8,1,1
1995-12-03,1,meyering:1,8,10,1,1
1995-12-04,1,meyering:1,92,0,1,1
1995-12-05,7,meyering:7,125,24,7,7
1995-12-06,3,meyering:3,26,4,5,3
1995-12-07,1,meyering:1,2,1,1,1
1995-12-08,5,meyering:5,10967,2,7,5
1995-12-09,3,meyering:3,18,4,3,3
1995-12-15,17,meyering:17,779,510,19,17
1995-12-17,1,meyering:1,1,1,1,1
1995-12-19,4,meyering:4,381,161,5,4
1995-12-20,1,meyering:1,1,1,1,1
1995-12-21,2,meyering:2,19,1,2,2
1995-12-22,10,meyering:10,112,23,12,10
1995-12-23,4,meyering:4,20,7,5,4
1995-12-26,1,meyering:1,3,0,1,1
1995-12-31,3,meyering:3,27,3,5,3
1996-01-01,2,meyering:2,4,1,2,2
1996-01-02,3,meyering:3,61,30,3,3
1996-01-03,5,meyering:5,20,5,5,5
1996-01-04,5,meyering:5,16,11,5,5
1996-01-05,5,meyering:5,25,12,5,5
1996-01-06,10,meyering:10,899,996,32,10
1996-01-07,3,meyering:3,5,5,3,3
1996-01-08,4,meyering:4,101,100,5,4
1996-01-14,3,meyering:3,50,49,3,3
1996-01-17,7,meyering:7,79,123,7,7
1996-01-19,4,meyering:4,74,31,4,4
1996-01-20,10,meyering:10,181,37,10,10
1996-01-25,1,meyering:1,63,49,2,1
1996-01-26,1,meyering:1,49,62,2,1
1996-01-30,1,meyering:1,8,2,1,1
1996-01-31,2,meyering:2,99,63,4,2
1996-02-01,18,meyering:18,358,71,18,18
1996-02-03,2,meyering:2,9,3,2,2
1996-02-04,2,meyering:2,82,3,2,2
1996-02-13,14,meyering:14,134,61,17,14
1996-02-14,2,meyering:2,6,1,2,2
1996-02-16,4,meyering:4,18,1,4,4
1996-02-17,2,meyering:2,10,4,3,2
1996-02-18,5,meyering:5,86,11,5,5
1996-02-20,1,meyering:1,3,0,1,1
1996-02-21,1,meyering:1,4,1,2,1
1996-02-22,3,meyering:3,13,0,3,3
1996-02-23,7,meyering:7,20,3,7,7
1996-02-24,4,meyering:4,47,28,4,4
1996-02-25,2,meyering:2,1,5,3,2
1996-02-26,1,meyering:1,9,0,1,1
1996-02-27,4,meyering:4,15,9,4,4
1996-02-28,4,meyering:4,92,62,5,4
1996-02-29,14,meyering:14,113,69,14,14
1996-03-02,5,meyering:5,58,2,5,5
1996-03-05,2,meyering:2,7,0,2,2
1996-03-06,5,meyering:5,21,7,5,5
1996-03-07,2,meyering:2,6,1,2,2
1996-03-08,2,meyering:2,9,1,2,2
1996-03-09,9,meyering:9,187,68,32,9
1996-03-10,1,meyering:1,12,6,1,1
1996-03-11,2,meyering:2,14,8,2,2
1996-03-12,10,meyering:10,208,12,51,10
1996-03-13,2,meyering:2,241,0,2,2
1996-03-14,4,meyering:4,7,5,7,4
1996-03-16,11,meyering:11,153,166,77,11
1996-03-18,1,meyering:1,9,1,1,1
1996-03-21,6,meyering:6,81,65,65,6
1996-03-22,3,meyering:3,37,5,3,3
1996-03-24,23,meyering:23,721,635,112,23
1996-03-26,2,meyering:2,39,13,2,2
1996-03-28,7,meyering:7,136,36,7,7
1996-03-29,7,meyering:7,1764,1748,8,7
1996-03-30,4,meyering:4,177,72,6,4
1996-03-31,7,meyering:7,165,469,9,7
1996-04-01,2,meyering:2,19,1,2,2
1996-04-02,2,meyering:2,228,0,2,2
1996-04-03,8,meyering:8,366,110,9,8
1996-04-04,7,meyering:7,85,28,8,7
1996-04-05,14,meyering:14,132,319,15,14
1996-04-07,7,meyering:7,54,23,7,7
1996-04-08,6,meyering:6,62,20,6,6
1996-04-10,8,meyering:8,1133,25,9,8
1996-04-11,1,meyering:1,30,31,1,1
1996-04-12,1,meyering:1,1,1,1,1
1996-04-13,17,meyering:17,138,56,17,17
1996-04-14,2,meyering:2,4,4,2,2
1996-04-17,6,meyering:6,23,7,10,6
1996-04-18,1,meyering:1,10,10,1,1
1996-04-19,6,meyering:6,47,25,6,6
1996-04-20,5,meyering:5,33,13,7,5
1996-04-21,14,meyering:14,157,76,16,14
1996-04-22,7,meyering:7,79,18,9,7
1996-04-24,27,meyering:27,170,98,93,27
1996-04-25,7,meyering:7,57,16,8,7
1996-04-27,2,meyering:2,5,1,2,2
1996-04-28,4,meyering:4,34,10,5,4
1996-04-29,14,meyering:14,1786,387,15,14
1996-04-30,6,meyering:6,24,10,6,6
1996-05-01,4,meyering:4,40,14,4,4
1996-05-02,4,meyering:4,91,89,4,4
1996-05-05,15,meyering:15,182,144,15,15
1996-05-06,4,meyering:4,31,21,5,4
1996-05-07,1,meyering:1,398,504,1,1
1996-05-08,2,meyering:2,7,0,2,2
1996-05-10,8,meyering:8,290,173,9,8
1996-05-11,2,meyering:2,13,4,2,2
1996-05-12,2,meyering:2,5,5,2,2
1996-05-13,2,meyering:2,6,0,2,2
1996-05-15,4,meyering:4,59,48,5,4
1996-05-16,11,meyering:11,366,335,11,11
1996-05-17,4,meyering:4,18,5,4,4
1996-05-18,5,meyering:5,25,7,6,5
1996-05-19,8,meyering:8,106,28,8,8
1996-05-20,3,meyering:3,9,3,3,3
1996-05-21,12,meyering:12,213,160,13,12
1996-05-22,4,meyering:4,131,41,4,4
1996-05-23,6,meyering:6,71,170,6,6
1996-05-24,2,meyering:2,9,9,2,2
1996-05-28,5,meyering:5,17,10,5,5
1996-05-29,1,meyering:1,27,75,1,1
1996-05-30,9,meyering:9,99,25,9,9
1996-05-31,15,meyering:15,90,14,16,15
1996-06-01,6,meyering:6,52,21,6,6
1996-06-02,3,meyering:3,81,78,3,3
1996-06-06,1,meyering:1,2,0,1,1
1996-06-07,3,meyering:3,98,101,4,3
1996-06-08,2,meyering:2,20,0,2,2
1996-06-10,2,meyering:2,7,1,2,2
1996-06-11,4,meyering:4,33,31,4,4
1996-06-12,2,meyering:2,8,2,2,2
1996-06-14,4,meyering:4,273,137,4,4
1996-06-16,11,meyering:11,118,95,13,11
1996-06-19,22,meyering:22,131,45,22,22
1996-06-22,3,meyering:3,199,131,3,3
1996-06-23,4,meyering:4,215,128,4,4
1996-06-24,2,meyering:2,146,37,2,2
1996-06-25,10,meyering:10,104,49,11,10
1996-06-26,5,meyering:5,55,13,5,5
1996-06-27,4,meyering:4,26,0,4,4
1996-06-28,2,meyering:2,7,3,2,2
1996-06-29,13,meyering:13,70,25,13,13
1996-06-30,6,meyering:6,17,5,6,6
1996-07-01,2,meyering:2,45,20,2,2
1996-07-02,4,meyering:4,54,21,4,4
1996-07-03,11,meyering:11,46,6,11,11
1996-07-04,14,meyering:14,157,63,14,14
1996-07-05,8,meyering:8,15,5,8,8
1996-07-06,14,meyering:14,119,53,17,14
1996-07-07,1,meyering:1,1,1,1,1
1996-07-08,8,meyering:8,61,28,8,8
1996-07-09,2,meyering:2,9,1,2,2
1996-07-10,14,meyering:14,44,17,14,14
1996-07-11,5,meyering:5,127,27,9,5
1996-07-12,4,meyering:4,19,3,4,4
1996-07-13,4,meyering:4,14,7,4,4
1996-07-14,18,meyering:18,80,43,18,18
1996-07-15,15,meyering:15,384,344,90,15
1996-07-16,9,meyering:9,186,61,12,9
1996-07-17,5,meyering:5,14,11,5,5
1996-07-18,7,meyering:7,17,2,7,7
1996-07-19,4,meyering:4,15,1,4,4
1996-07-20,4,meyering:4,52,14,4,4
1996-07-21,18,meyering:18,192,44,18,18
1996-07-22,4,meyering:4,17,3,4,4
1996-07-25,1,meyering:1,1,1,1,1
1996-07-26,5,meyering:5,37,13,5,5
1996-07-27,2,meyering:2,15,0,3,2
1996-07-29,1,meyering:1,5,0,1,1
1996-07-30,1,meyering:1,1,1,1,1
1996-07-31,5,meyering:5,71,13,5,5
1996-08-01,2,meyering:2,26,11,2,2
1996-08-02,4,meyering:4,25,2,4,4
1996-08-03,4,meyering:4,47,6,4,4
1996-08-04,6,meyering:6,62,38,6,6
1996-08-05,6,meyering:6,17,15,6,6
1996-08-09,2,meyering:2,10,1,2,2
1996-08-12,7,meyering:7,1151,20,9,7
1996-08-14,1,meyering:1,9,0,1,1
1996-08-17,26,meyering:26,316,198,27,26
1996-08-18,19,meyering:19,1832,238,23,19
1996-08-19,11,meyering:11,160,99,13,11
1996-08-20,1,meyering:1,2,2,1,1
1996-08-22,2,meyering:2,13,0,2,2
1996-08-24,5,meyering:5,14,4,5,5
1996-08-25,1,meyering:1,1,1,1,1
1996-08-26,5,meyering:5,19,8,6,5
1996-08-29,2,meyering:2,73,17,19,2
1996-08-31,2,meyering:2,19,21,19,2
1996-09-01,2,meyering:2,21,0,2,2
1996-09-02,9,meyering:9,85,6,60,9
1996-09-03,2,meyering:2,8,2,2,2
1996-09-05,7,meyering:7,48,15,7,7
1996-09-06,5,meyering:5,55,42,5,5
1996-09-07,9,meyering:9,66,10,10,9
1996-09-08,7,meyering:7,93,75,7,7
1996-09-10,4,meyering:4,25,2,4,4
1996-09-16,2,meyering:2,18,0,4,2
1996-09-17,2,meyering:2,527,180,2,2
1996-09-19,8,meyering:8,2308,2143,10,8
1996-09-20,7,meyering:7,49,25,8,7
1996-09-21,5,meyering:5,210,1,7,5
1996-09-22,3,meyering:3,28,22,3,3
1996-09-23,11,meyering:11,47,130,11,11
1996-09-26,3,meyering:3,48,48,5,3
1996-09-27,4,meyering:4,43,34,4,4
1996-09-28,8,meyering:8,114,68,8,8
1996-09-30,18,meyering:18,1172,757,22,18
1996-10-01,14,meyering:14,37,11,15,14
1996-10-02,2,meyering:2,7,3,2,2
1996-10-03,2,meyering:2,12,1,2,2
1996-10-04,9,meyering:9,81,86,67,9
1996-10-05,14,meyering:14,130,51,59,14
1996-10-06,6,meyering:6,36,8,6,6
1996-10-08,12,meyering:12,138,125,17,12
1996-10-09,19,meyering:19,717,309,19,19
1996-10-10,13,meyering:13,178,49,14,13
1996-10-11,4,meyering:4,37,50,6,4
1996-10-12,11,meyering:11,129,31,15,11
1996-10-13,8,meyering:8,77,18,8,8
1996-10-14,1,meyering:1,6,0,1,1
1996-10-15,1,meyering:1,3,3,1,1
1996-10-16,4,meyering:4,57,19,4,4
1996-10-17,8,meyering:8,115,62,14,8
1996-10-18,11,meyering:11,438,105,13,11
1996-10-19,1,meyering:1,5,0,1,1
1996-10-20,9,meyering:9,235,115,12,9
1996-10-21,14,meyering:14,48,21,17,14
1996-10-22,13,meyering:13,188,157,14,13
1996-10-23,3,meyering:3,4,4,4,3
1996-10-24,3,meyering:3,63,46,4,3
1996-10-28,2,meyering:2,17,0,2,2
1996-10-29,22,meyering:22,130,91,23,22
1996-10-31,3,meyering:3,25,8,4,3
1996-11-01,4,meyering:4,116,14,4,4
1996-11-02,30,meyering:30,279,168,102,30
1996-11-03,8,meyering:8,109,107,77,8
1996-11-04,10,meyering:10,138,71,11,10
1996-11-05,10,meyering:10,303,225,11,10
1996-11-18,4,meyering:4,11,3,4,4
1996-11-20,5,meyering:5,166,100,10,5
1996-11-21,3,meyering:3,14,4,3,3
1996-11-23,15,meyering:15,147,91,36,15
1996-11-24,9,meyering:9,562,500,11,9
1996-11-25,12,meyering:12,138,49,14,12
1996-11-27,6,meyering:6,56,24,8,6
1996-11-28,7,meyering:7,176,30,9,7
1996-11-30,13,meyering:13,107,17,13,13
1996-12-01,9,meyering:9,109,52,10,9
1996-12-03,8,meyering:8,58,31,8,8
1996-12-04,1,meyering:1,1,0,1,1
1996-12-05,11,meyering:11,844,249,11,11
1996-12-06,1,meyering:1,2,0,1,1
1996-12-07,9,meyering:9,163,44,9,9
1996-12-08,10,meyering:10,167,117,15,10
1996-12-09,5,meyering:5,25,0,6,5
1996-12-10,35,meyering:35,577,463,58,35
1996-12-11,7,meyering:7,23,4,7,7
1996-12-12,4,meyering:4,16,0,4,4
1996-12-13,9,meyering:9,59,18,14,9
1996-12-14,6,meyering:6,107,69,8,6
1996-12-15,7,meyering:7,1213,296,25,7
1996-12-16,2,meyering:2,25,16,5,2
1996-12-17,4,meyering:4,23,4,5,4
1996-12-18,18,meyering:18,446,177,21,18
1996-12-19,10,meyering:10,104,5,10,10
1996-12-20,13,meyering:13,1161,322,23,13
1996-12-21,21,meyering:21,1586,48,52,21
1996-12-22,24,meyering:24,760,258,46,24
1996-12-23,13,meyering:13,89,75,15,13
1996-12-24,1,meyering:1,261,0,1,1
1996-12-27,2,meyering:2,22,5,4,2
1996-12-28,23,meyering:23,17571,437,171,23
1996-12-29,4,meyering:4,57,14,4,4
1996-12-30,3,meyering:3,16,9,3,3
1996-12-31,1,meyering:1,13,11,1,1
1997-01-01,1,meyering:1,10,0,2,1
1997-01-02,2,meyering:2,17,12,3,2
1997-01-03,7,meyering:7,36,10,8,7
1997-01-04,1,meyering:1,10,0,2,1
1997-01-05,8,meyering:8,74,32,9,8
1997-01-06,5,meyering:5,9,7,5,5
1997-01-08,12,meyering:12,269,68,15,12
1997-01-09,7,meyering:7,23,2,8,7
1997-01-11,3,meyering:3,773,5,3,3
1997-01-13,6,meyering:6,235,222,8,6
1997-01-15,5,meyering:5,447,392,5,5
1997-01-17,2,meyering:2,20,1,2,2
1997-01-18,12,meyering:12,568,516,12,12
1997-01-19,3,meyering:3,15,6,3,3
1997-01-21,1,meyering:1,458,0,4,1
1997-01-22,11,meyering:11,95,15,11,11
1997-01-23,20,meyering:20,1351,277,41,20
1997-01-24,2,meyering:2,97,38,5,2
1997-01-25,25,meyering:25,188,80,34,25
1997-01-26,32,meyering:32,2086,1941,42,32
1997-01-27,4,meyering:4,39,6,7,4
1997-01-28,4,meyering:4,95,46,7,4
1997-01-29,3,meyering:3,487,367,6,3
1997-01-30,14,meyering:14,6534,3109,50,14
1997-02-01,29,meyering:29,1475,1417,174,29
1997-02-02,13,meyering:13,631,1207,14,13
1997-02-03,7,meyering:7,324,40,10,7
1997-02-04,7,meyering:7,332,239,14,7
1997-02-05,4,meyering:4,19,5,4,4
1997-02-06,1,meyering:1,9,2,1,1
1997-02-07,2,meyering:2,14,16,2,2
1997-02-08,1,meyering:1,1,1,1,1
1997-02-09,6,meyering:6,79,71,68,6
1997-02-12,2,meyering:2,183,186,2,2
1997-02-16,5,meyering:5,319,318,19,5
1997-02-17,9,meyering:9,709,76,14,9
1997-02-18,8,meyering:8,423,59,14,8
1997-02-19,7,meyering:7,795,85,12,7
1997-02-20,4,meyering:4,51,8,4,4
1997-02-21,4,meyering:4,45,13,4,4
1997-02-22,4,meyering:4,45,16,4,4
1997-02-23,2,meyering:2,199,5,4,2
1997-02-26,3,meyering:3,710,9,14,3
1997-02-27,5,meyering:5,20,11,5,5
1997-02-28,2,meyering:2,8,0,2,2
1997-03-01,1,meyering:1,1,1,1,1
1997-03-09,2,meyering:2,11,2,2,2
1997-03-10,3,meyering:3,11,1,3,3
1997-03-11,2,meyering:2,84,0,2,2
1997-03-12,1,meyering:1,1,1,1,1
1997-03-13,9,meyering:9,84,60,10,9
1997-03-14,10,meyering:10,53,7,11,10
1997-03-18,2,meyering:2,13,7,2,2
1997-03-19,4,meyering:4,65,55,4,4
1997-03-21,4,meyering:4,0,426,16,4
1997-03-22,6,meyering:6,198,58,8,6
1997-03-23,4,meyering:4,170,69,9,4
1997-03-27,2,meyering:2,27,5,2,2
1997-04-04,4,meyering:4,117,22,5,4
1997-04-06,5,meyering:5,268,620,7,5
1997-04-07,6,meyering:6,270,88,6,6
1997-04-10,1,meyering:1,1,1,1,1
1997-04-21,1,meyering:1,11,10,1,1
1997-04-24,1,meyering:1,12,12,1,1
1997-04-27,10,meyering:10,422,122,19,10
1997-04-29,2,meyering:2,155,51,10,2
1997-05-01,2,meyering:2,90,90,11,2
1997-05-02,1,meyering:1,181,67,4,1
1997-05-23,1,meyering:1,72,54,9,1
1997-05-24,10,meyering:10,380,302,16,10
1997-05-25,14,meyering:14,288,208,14,14
1997-05-26,3,meyering:3,61,7,3,3
1997-05-27,16,meyering:16,490,269,26,16
1997-05-28,5,meyering:5,48,24,5,5
1997-05-29,2,meyering:2,124,59,2,2
1997-05-30,1,meyering:1,8,2,1,1
1997-06-01,8,meyering:8,159,6,9,8
1997-06-02,1,meyering:1,1,1,1,1
1997-06-03,3,meyering:3,34,2,3,3
1997-06-06,1,meyering:1,5,6,1,1
1997-06-11,3,meyering:3,10,1,3,3
1997-06-12,9,meyering:9,26,12,9,9
1997-06-13,1,meyering:1,3,3,1,1
1997-06-14,5,meyering:5,44,30,8,5
1997-06-15,6,meyering:6,126,37,6,6
1997-06-16,11,meyering:11,100,21,13,11
1997-06-22,8,meyering:8,224,50,11,8
1997-06-25,4,meyering:4,89,65,7,4
1997-06-29,22,meyering:22,292,172,32,22
1997-06-30,3,meyering:3,11,1,3,3
1997-07-01,5,meyering:5,44,27,5,5
1997-07-02,2,meyering:2,14,1,2,2
1997-07-03,4,meyering:4,64,41,5,4
1997-07-04,16,meyering:16,1704,1597,70,16
1997-07-05,7,meyering:7,118,72,8,7
1997-07-06,12,meyering:12,153,56,13,12
1997-07-08,7,meyering:7,264,17,11,7
1997-07-09,23,meyering:23,480,41,29,23
1997-07-10,17,meyering:17,491,77,31,17
1997-07-11,4,meyering:4,557,321,4,4
1997-07-12,15,meyering:15,599,608,19,15
1997-07-13,41,meyering:41,2174,1155,49,41
1997-07-14,7,meyering:7,603,344,7,7
1997-07-15,3,meyering:3,24,9,3,3
1997-07-16,5,meyering:5,22,5,5,5
1997-07-19,5,meyering:5,61,20,5,5
1997-07-22,5,meyering:5,10,3,5,5
1997-07-25,2,meyering:2,113,133,2,2
1997-07-26,1,meyering:1,2294,2043,2,1
1997-07-29,10,meyering:10,171,63,11,10
1997-07-30,1,meyering:1,8,8,1,1
1997-08-02,10,meyering:10,324,16,12,10
1997-08-03,7,meyering:7,635,118,8,7
1997-08-16,6,meyering:6,55,16,6,6
1997-08-18,2,meyering:2,47,1,2,2
1997-08-22,1,meyering:1,13,4,2,1
1997-08-24,8,meyering:8,128,28,9,8
1997-08-31,33,meyering:33,390,101,35,33
1997-09-01,14,meyering:14,486,97,26,14
1997-09-02,12,meyering:12,140,30,13,12
1997-09-05,1,meyering:1,2,0,1,1
1997-09-11,2,meyering:2,17,3,2,2
1997-09-14,30,meyering:30,1118,498,41,30
1997-09-15,26,meyering:26,192,73,27,26
1997-09-16,2,meyering:2,81,1,2,2
1997-09-17,9,meyering:9,1005,31,10,9
1997-09-20,4,meyering:4,15,28,4,4
1997-09-21,11,meyering:11,228,131,11,11
1997-09-22,3,meyering:3,64,25,4,3
1997-09-25,2,meyering:2,20,7,2,2
1997-09-27,3,meyering:3,8,12,3,3
1997-09-28,5,meyering:5,78,24,6,5
1997-09-30,6,meyering:6,206,184,23,6
1997-10-03,4,meyering:4,10,5,4,4
1997-10-04,6,meyering:6,41,14,9,6
1997-10-06,14,meyering:14,58,18,14,14
1997-10-07,7,meyering:7,139,123,86,7
1997-10-08,1,meyering:1,4,4,1,1
1997-10-10,5,meyering:5,42,5,6,5
1997-10-13,13,meyering:13,1185,493,13,13
1997-10-14,18,meyering:18,664,258,20,18
1997-10-15,4,meyering:4,13,4,4,4
1997-10-16,6,meyering:6,139,77,6,6
1997-10-17,7,meyering:7,55,6,7,7
1997-10-18,2,meyering:2,7,0,2,2
1997-10-19,5,meyering:5,30,12,7,5
1997-10-20,1,meyering:1,0,5,1,1
1997-10-22,1,meyering:1,72,31,1,1
1997-10-23,26,meyering:26,205,62,31,26
1997-10-24,12,meyering:12,49,53,16,12
1997-10-25,17,meyering:17,141,192,46,17
1997-10-26,19,meyering:19,283,28,25,19
1997-10-27,5,meyering:5,18,10,5,5
1997-10-28,1,meyering:1,21,7,1,1
1997-11-02,6,meyering:6,133,13,11,6
1997-11-03,17,meyering:17,233,83,19,17
1997-11-06,1,meyering:1,28,26,1,1
1997-11-07,3,meyering:3,132,15,3,3
1997-11-08,12,meyering:12,138,33,12,12
1997-11-09,2,meyering:2,16,16,16,2
1997-11-10,7,meyering:7,59,5,8,7
1997-11-12,9,meyering:9,61,37,18,9
1997-11-13,9,meyering:9,494,173,9,9
1997-11-15,16,meyering:16,148,39,17,16
1997-11-16,2,meyering:2,8,0,2,2
1997-11-17,2,meyering:2,5,2,2,2
1997-11-18,4,meyering:4,27,0,5,4
1997-11-19,6,meyering:6,319,65,7,6
1997-11-24,5,meyering:5,22,149,5,5
1997-11-29,1,meyering:1,0,0,1,1
1997-11-30,42,meyering:42,1011,624,45,42
1997-12-06,12,meyering:12,387,184,32,12
1997-12-10,3,meyering:3,14,4,3,3
1997-12-11,3,meyering:3,9,1,3,3
1997-12-13,11,meyering:11,90,77,11,11
1997-12-14,17,meyering:17,59,28,18,17
1997-12-15,1,meyering:1,0,2,1,1
1997-12-16,9,meyering:9,324,292,15,9
1997-12-21,29,meyering:29,624,337,59,29
1997-12-24,1,meyering:1,3,1,1,1
1997-12-25,14,meyering:14,104,22,14,14
1997-12-27,2,meyering:2,5,0,2,2
1997-12-28,7,meyering:7,25,22,7,7
1997-12-29,6,meyering:6,26,21,6,6
1997-12-31,9,meyering:9,88,44,9,9
1998-01-01,7,meyering:7,22,8,7,7
1998-01-02,4,meyering:4,33,10,4,4
1998-01-03,13,meyering:13,125,20,13,13
1998-01-04,12,meyering:12,284,80,29,12
1998-01-05,8,meyering:8,159,75,8,8
1998-01-06,2,meyering:2,23,11,2,2
1998-01-07,1,meyering:1,6,6,1,1
1998-01-08,5,meyering:5,25,9,5,5
1998-01-10,26,meyering:26,290,339,39,26
1998-01-11,5,meyering:5,18,11,5,5
1998-01-12,5,meyering:5,19,8,5,5
1998-01-13,2,meyering:2,10,4,2,2
1998-01-14,1,meyering:1,1,1,1,1
1998-01-16,7,meyering:7,101,76,10,7
1998-01-18,4,meyering:4,57,45,4,4
1998-01-19,1,meyering:1,1,1,1,1
1998-01-20,2,meyering:2,8,15,2,2
1998-01-21,6,meyering:6,85,26,6,6
1998-01-22,18,meyering:18,1747,1686,21,18
1998-01-23,3,meyering:3,35,10,3,3
1998-01-24,17,meyering:17,124,35,18,17
1998-01-25,16,meyering:16,205,93,22,16
1998-01-28,2,meyering:2,10,1,2,2
1998-01-31,1,meyering:1,12,0,1,1
1998-02-01,2,meyering:2,5,1,2,2
1998-02-03,5,meyering:5,21,4,5,5
1998-02-04,9,meyering:9,666,1512,58,9
1998-02-06,9,meyering:9,184,95,12,9
1998-02-07,12,meyering:12,50,21,25,12
1998-02-08,2,meyering:2,24,17,2,2
1998-02-09,3,meyering:3,5,1,3,3
1998-02-11,1,meyering:1,8,0,1,1
1998-02-13,2,meyering:2,9,2,2,2
1998-02-16,2,meyering:2,3,3,2,2
1998-02-19,4,meyering:4,42,9,4,4
1998-02-20,7,meyering:7,16,51,7,7
1998-02-21,19,meyering:19,376,48,21,19
1998-02-22,12,meyering:12,6206,6184,12,12
1998-02-23,1,meyering:1,443,0,2,1
1998-02-24,10,meyering:10,150,100,10,10
1998-02-25,10,meyering:10,307,282,28,10
1998-03-10,2,meyering:2,31,0,2,2
1998-03-11,3,meyering:3,8,2,3,3
1998-03-13,12,meyering:12,124,44,12,12
1998-03-14,20,meyering:20,203,34,24,20
1998-03-15,17,meyering:17,331,254,44,17
1998-03-17,1,meyering:1,165,58,1,1
1998-03-18,1,meyering:1,6,0,1,1
1998-03-19,4,meyering:4,61,10,4,4
1998-03-21,5,meyering:5,79,57,5,5
1998-03-22,2,meyering:2,152,95,2,2
1998-03-23,10,meyering:10,621,554,30,10
1998-03-25,1,meyering:1,6,6,2,1
1998-03-26,2,meyering:2,6,1,2,2
1998-03-27,6,meyering:6,56,46,6,6
1998-03-28,3,meyering:3,56,0,3,3
1998-03-31,7,meyering:7,94,391,8,7
1998-04-01,4,meyering:4,98,10,5,4
1998-04-04,22,meyering:22,741,261,24,22
1998-04-05,8,meyering:8,61,16,9,8
1998-04-06,6,meyering:6,791,798,6,6
1998-04-09,2,meyering:2,61,59,2,2
1998-04-11,11,meyering:11,580,493,24,11
1998-04-12,5,meyering:5,48,50,22,5
1998-04-13,2,meyering:2,11,2,2,2
1998-04-14,2,meyering:2,54,8,7,2
1998-04-17,4,meyering:4,65,6,4,4
1998-04-26,13,meyering:13,102,137,19,13
1998-04-27,18,meyering:18,102,70,29,18
1998-04-28,2,meyering:2,10,11,2,2
1998-05-02,5,meyering:5,57,18,11,5
1998-05-03,12,meyering:12,220,161,42,12
1998-05-04,3,meyering:3,3,2,3,3
1998-05-07,7,meyering:7,74,44,7,7
1998-05-09,14,meyering:14,328,42,14,14
1998-05-10,11,meyering:11,209,191,11,11
1998-05-11,23,meyering:23,336,308,24,23
1998-05-13,9,meyering:9,31,10,11,9
1998-05-14,1,meyering:1,95,10,5,1
1998-05-16,22,meyering:22,431,235,27,22
1998-05-17,1,meyering:1,2,0,1,1
1998-05-18,1,meyering:1,1,1,1,1
1998-05-19,13,meyering:13,136,31,16,13
1998-05-20,3,meyering:3,18,18,4,3
1998-05-24,10,meyering:10,150,83,10,10
1998-05-25,2,meyering:2,71,71,2,2
1998-05-26,1,meyering:1,4,2,1,1
1998-05-27,6,meyering:6,24,6,6,6
1998-05-30,4,meyering:4,35,7,4,4
1998-06-01,4,meyering:4,19,5,4,4
1998-06-05,1,meyering:1,4,0,1,1
1998-06-06,1,meyering:1,7,1,1,1
1998-06-07,5,meyering:5,2292,51,10,5
1998-06-18,2,meyering:2,42,0,21,2
1998-06-21,2,meyering:2,9,0,2,2
1998-06-24,1,meyering:1,1,1,1,1
1998-06-27,22,meyering:22,439,137,23,22
1998-06-28,15,meyering:15,389,55,18,15
1998-06-29,40,meyering:40,1388,1117,132,40
1998-06-30,6,meyering:6,101,34,6,6
1998-07-01,2,meyering:2,5,1,2,2
1998-07-03,7,meyering:7,58,56,7,7
1998-07-04,40,meyering:40,651,156,45,40
1998-07-05,1,meyering:1,3,3,1,1
1998-07-08,4,meyering:4,24,6,4,4
1998-07-09,2,meyering:2,14,1,2,2
1998-07-13,3,meyering:3,32,3,5,3
1998-07-15,1,meyering:1,1,1,1,1
1998-07-16,12,meyering:12,61,24,12,12
1998-07-18,7,meyering:7,364,11,10,7
1998-07-19,1,meyering:1,13,2,1,1
1998-07-20,4,meyering:4,43,16,5,4
1998-07-22,4,meyering:4,16,1,4,4
1998-07-25,23,meyering:23,367,137,36,23
1998-07-26,17,meyering:17,411,58,21,17
1998-07-27,6,meyering:6,52,12,6,6
1998-07-28,3,meyering:3,10,3,3,3
1998-07-29,8,meyering:8,139,92,8,8
1998-07-30,2,meyering:2,9,4,2,2
1998-08-01,2,meyering:2,14,1,2,2
1998-08-02,17,meyering:17,117,20,18,17
1998-08-03,4,meyering:4,20,13,4,4
1998-08-07,1,meyering:1,138,26,2,1
1998-08-09,1,meyering:1,4,0,1,1
1998-08-11,12,meyering:12,168,60,12,12
1998-08-12,1,meyering:1,4,0,1,1
1998-08-13,15,meyering:15,761,242,27,15
1998-08-14,2,meyering:2,2446,0,5,2
1998-08-15,46,meyering:46,757,682,51,46
1998-08-16,19,meyering:19,210,69,20,19
1998-08-25,1,meyering:1,595,12,1,1
1998-08-26,12,meyering:12,561,314,14,12
1998-08-29,7,meyering:7,25,16,7,7
1998-08-30,21,meyering:21,134,85,23,21
1998-09-06,4,meyering:4,216,994,4,4
1998-09-07,21,meyering:21,247,68,21,21
1998-09-09,4,meyering:4,407,32,4,4
1998-09-12,3,meyering:3,200,2,23,3
1998-09-13,4,meyering:4,25,2,4,4
1998-09-17,1,meyering:1,10,2,1,1
1998-09-19,16,meyering:16,173,101,89,16
1998-09-20,4,meyering:4,23,10,4,4
1998-09-21,1,meyering:1,4,2,1,1
1998-09-26,5,meyering:5,59,10,8,5
1998-09-27,21,meyering:21,180,43,22,21
1998-09-28,4,meyering:4,8,1,4,4
1998-09-29,8,meyering:8,168,210,20,8
1998-10-02,3,meyering:3,1040,597,3,3
1998-10-03,19,meyering:19,247,312,54,19
1998-10-04,16,meyering:16,206,419,43,16
1998-10-05,10,meyering:10,154,155,19,10
1998-10-06,1,meyering:1,5,16,1,1
1998-10-08,2,meyering:2,29,6,3,2
1998-10-10,2,meyering:2,2,0,2,2
1998-10-11,2,meyering:2,32,11,2,2
1998-10-12,12,meyering:12,197,15,12,12
1998-10-14,1,meyering:1,6,1,1,1
1998-10-17,3,meyering:3,24,11,4,3
1998-10-18,13,meyering:13,274,217,15,13
1998-10-23,2,meyering:2,8,1,2,2
1998-10-25,8,meyering:8,92,9,8,8
1998-10-31,1,meyering:1,13,8,1,1
1998-11-01,14,meyering:14,208,716,17,14
1998-11-02,1,meyering:1,4,0,1,1
1998-11-08,11,meyering:11,112,75,11,11
1998-11-10,1,meyering:1,10,2,1,1
1998-11-11,2,meyering:2,6,6,2,2
1998-11-14,10,meyering:10,48,35,10,10
1998-11-15,4,meyering:4,10,1,4,4
1998-11-16,1,meyering:1,1,0,1,1
1998-11-17,3,meyering:3,23,2,3,3
1998-11-21,2,meyering:2,10,6,2,2
1998-11-30,13,meyering:13,168,26,14,13
1998-12-06,10,meyering:10,119,86,12,10
1998-12-07,16,meyering:16,185,240,49,16
1998-12-11,7,meyering:7,53,27,8,7
1998-12-12,8,meyering:8,198,204,10,8
1998-12-13,5,meyering:5,392,16,9,5
1998-12-16,1,meyering:1,5,4,1,1
1998-12-17,1,meyering:1,124,46,1,1
1998-12-18,12,meyering:12,53,30,13,12
1998-12-19,8,meyering:8,24,13,9,8
1998-12-20,3,meyering:3,43,23,3,3
1998-12-22,2,meyering:2,10,5,2,2
1998-12-31,16,meyering:16,636,253,17,16
1999-01-01,39,meyering:39,1059,230,39,39
1999-01-02,32,meyering:32,486,348,37,32
1999-01-03,2,meyering:2,6,1,2,2
1999-01-04,3,meyering:3,5,2,3,3
1999-01-05,6,meyering:6,41,2,6,6
1999-01-06,1,meyering:1,14,11,1,1
1999-01-07,1,meyering:1,2,3,1,1
1999-01-09,8,meyering:8,169,33,8,8
1999-01-10,15,meyering:15,119,155,26,15
1999-01-11,18,meyering:18,174,48,18,18
1999-01-12,3,meyering:3,9,4,3,3
1999-01-13,8,meyering:8,1205,1014,23,8
1999-01-14,8,meyering:8,702,659,46,8
1999-01-15,1,meyering:1,27,21,1,1
1999-01-16,26,meyering:26,364,172,39,26
1999-01-17,5,meyering:5,37,5,5,5
1999-01-18,21,meyering:21,2314,920,27,21
1999-01-19,3,meyering:3,31,21,3,3
1999-01-21,1,meyering:1,50,48,1,1
1999-01-22,1,meyering:1,27,8,1,1
1999-01-23,15,meyering:15,277,248,15,15
1999-01-24,2,meyering:2,25,5,2,2
1999-01-25,27,meyering:27,431,310,50,27
1999-01-27,2,meyering:2,79,58,2,2
1999-01-29,9,meyering:9,387,306,31,9
1999-01-30,11,meyering:11,54,15,12,11
1999-01-31,36,meyering:36,272,309,65,36
1999-02-01,2,meyering:2,10,2,2,2
1999-02-03,11,meyering:11,204,85,11,11
1999-02-06,1,meyering:1,37,27,1,1
1999-02-07,23,meyering:23,186,45,47,23
1999-02-08,17,meyering:17,79,57,18,17
1999-02-09,3,meyering:3,685,666,4,3
1999-02-14,5,meyering:5,22,16,5,5
1999-02-15,3,meyering:3,4,5,3,3
1999-02-16,10,meyering:10,140,114,63,10
1999-02-17,5,meyering:5,10,2,5,5
1999-02-19,2,meyering:2,11,1,2,2
1999-03-02,3,meyering:3,27,54,3,3
1999-03-03,1,meyering:1,1,0,1,1
1999-03-04,12,meyering:12,386,790,65,12
1999-03-06,6,meyering:6,268,438,49,6
1999-03-07,36,meyering:36,957,369,38,36
1999-03-08,6,meyering:6,339,7,8,6
1999-03-09,6,meyering:6,42,16,6,6
1999-03-10,4,meyering:4,40,9,4,4
1999-03-11,3,meyering:3,12,1,3,3
1999-03-12,8,meyering:8,36,5,8,8
1999-03-13,9,meyering:9,94,19,11,9
1999-03-14,1,meyering:1,7,0,1,1
1999-03-15,6,meyering:6,383,215,6,6
1999-03-16,1,meyering:1,16,12,1,1
1999-03-17,3,meyering:3,13,2,4,3
1999-03-18,2,meyering:2,17,16,2,2
1999-03-20,14,meyering:14,117,50,15,14
1999-03-21,2,meyering:2,61,36,2,2
1999-03-22,3,meyering:3,7,2,3,3
1999-03-24,2,meyering:2,49,30,2,2
1999-03-25,2,meyering:2,22,15,2,2
1999-03-26,20,meyering:20,391,160,43,20
1999-03-27,5,meyering:5,50,19,18,5
1999-03-28,8,meyering:8,312,6,10,8
1999-03-29,3,meyering:3,18,4,3,3
1999-03-30,13,meyering:13,269,107,35,13
1999-03-31,9,meyering:9,330,150,71,9
1999-04-01,11,meyering:11,367,364,12,11
1999-04-02,6,meyering:6,123,35,6,6
1999-04-03,8,meyering:8,531,360,108,8
1999-04-04,20,meyering:20,1383,709,42,20
1999-04-05,3,meyering:3,29,13,3,3
1999-04-06,4,meyering:4,10,7,4,4
1999-04-07,5,meyering:5,570,190,18,5
1999-04-08,3,meyering:3,94,10,3,3
1999-04-11,15,meyering:15,378,40,18,15
1999-04-12,7,meyering:7,142,3820,11,7
1999-04-13,4,meyering:4,49,18,5,4
1999-04-14,1,meyering:1,1,0,1,1
1999-04-15,8,meyering:8,8425,3858,188,8
1999-04-17,3,meyering:3,11,0,4,3
1999-04-18,20,meyering:20,912,487,23,20
1999-04-19,21,meyering:21,806,201,42,21
1999-04-20,2,meyering:2,6,4,2,2
1999-04-21,25,meyering:25,836,316,48,25
1999-04-22,5,meyering:5,18,2,5,5
1999-04-23,1,meyering:1,193,18,1,1
1999-04-24,14,meyering:14,110,49,25,14
1999-04-25,6,meyering:6,25,6,6,6
1999-04-26,28,meyering:28,351,151,28,28
1999-04-30,8,meyering:8,46,23,9,8
1999-05-01,11,meyering:11,180,58,11,11
1999-05-03,10,meyering:10,57,47,11,10
1999-05-04,4,meyering:4,13,5,4,4
1999-05-05,12,meyering:12,104,14,12,12
1999-05-06,2,meyering:2,3,2,2,2
1999-05-07,11,meyering:11,124,92,13,11
1999-05-08,2,meyering:2,64,55,2,2
1999-05-09,16,meyering:16,220,292,18,16
1999-05-10,7,meyering:7,82,14,7,7
1999-05-11,3,meyering:3,8,4,3,3
1999-05-12,6,meyering:6,27,3,6,6
1999-05-13,3,meyering:3,10,2,3,3
1999-05-14,2,meyering:2,3,2,2,2
1999-05-15,12,meyering:12,138,117,38,12
1999-05-16,11,meyering:11,179,429,17,11
1999-05-17,3,meyering:3,11,4,3,3
1999-05-18,1,meyering:1,3,0,1,1
1999-05-19,1,meyering:1,4,0,1,1
1999-05-20,12,meyering:12,159,77,14,12
1999-05-21,4,meyering:4,98,86,4,4
1999-05-22,17,meyering:17,213,71,20,17
1999-05-23,24,meyering:24,251,109,26,24
1999-05-25,2,meyering:2,2,2,2,2
1999-05-27,2,meyering:2,28,0,3,2
1999-07-04,29,meyering:29,650,272,33,29
1999-07-09,1,meyering:1,4,0,1,1
1999-07-10,12,meyering:12,235,143,13,12
1999-07-11,1,meyering:1,3,4,1,1
1999-07-12,3,meyering:3,46,1,3,3
1999-07-15,16,meyering:16,170,23,19,16
1999-07-18,3,meyering:3,37,28,3,3
1999-07-20,7,meyering:7,98,10,7,7
1999-07-21,4,meyering:4,23,5,4,4
1999-07-24,3,meyering:3,29,9,3,3
1999-07-25,4,meyering:4,297,175,4,4
1999-07-26,5,meyering:5,29,100,6,5
1999-07-27,1,meyering:1,6,4,1,1
1999-07-28,1,meyering:1,4,0,1,1
1999-07-30,16,meyering:16,141,32,17,16
1999-07-31,10,meyering:10,79,22,10,10
1999-08-01,22,meyering:22,404,163,24,22
1999-08-02,2,meyering:2,6,0,2,2
1999-08-03,3,meyering:3,9,2,3,3
1999-08-04,10,meyering:10,89,4,10,10
1999-08-05,5,meyering:5,17,3,5,5
1999-08-06,7,meyering:7,51,22,7,7
1999-08-07,11,meyering:11,63,22,12,11
1999-08-08,13,meyering:13,34,12,13,13
1999-08-10,5,meyering:5,98,42,5,5
1999-08-12,3,meyering:3,19,2,3,3
1999-08-13,3,meyering:3,356,2,6,3
1999-08-14,4,meyering:4,24,3,5,4
1999-08-15,4,meyering:4,49,0,4,4
1999-08-16,2,meyering:2,46,27,2,2
1999-08-17,8,meyering:8,65,161,23,8
1999-08-18,4,meyering:4,9,4,4,4
1999-08-20,5,meyering:5,32,16,5,5
1999-08-21,2,meyering:2,6,1,2,2
1999-08-22,41,meyering:41,303,203,42,41
1999-08-25,1,meyering:1,19,0,1,1
1999-08-29,22,meyering:22,941,862,23,22
1999-08-30,17,meyering:17,218,85,38,17
1999-08-31,2,meyering:2,5,0,2,2
1999-09-01,4,meyering:4,54,12,6,4
1999-09-02,8,meyering:8,20,17,10,8
1999-09-04,1,meyering:1,3,2,2,1
1999-09-05,2,meyering:2,22,1,2,2
1999-09-08,1,meyering:1,0,1,1,1
1999-09-09,1,meyering:1,0,1,1,1
1999-09-17,2,meyering:2,10,0,2,2
1999-09-18,2,meyering:2,28,0,2,2
1999-09-19,8,meyering:8,64,30,9,8
1999-09-24,2,meyering:2,46,1,13,2
1999-09-26,7,meyering:7,131,23,7,7
1999-09-28,6,meyering:6,47,31,6,6
1999-09-29,2,meyering:2,17,2,2,2
1999-10-02,4,meyering:4,43,15,4,4
1999-10-03,1,meyering:1,63,19,1,1
1999-10-04,5,meyering:5,13,7,6,5
1999-10-07,1,meyering:1,11,0,1,1
1999-10-09,2,meyering:2,101,19,2,2
1999-10-11,4,meyering:4,58,52,6,4
1999-10-16,9,meyering:9,144,28,9,9
1999-10-17,11,meyering:11,180,109,12,11
1999-10-23,9,meyering:9,500,435,24,9
1999-10-24,3,meyering:3,89,137,15,3
1999-10-30,19,meyering:19,104,308,21,19
1999-10-31,11,meyering:11,70,53,15,11
1999-11-01,3,meyering:3,34,0,5,3
1999-11-02,6,meyering:6,293,83,84,6
1999-11-03,9,meyering:9,68,54,9,9
1999-11-04,7,meyering:7,70,111,7,7
1999-11-05,7,meyering:7,52,18,9,7
1999-11-06,11,meyering:11,103,9,13,11
1999-11-07,33,meyering:33,570,104,35,33
1999-11-08,3,meyering:3,7,2,3,3
1999-11-09,3,meyering:3,26,5,3,3
1999-11-10,1,meyering:1,21,17,1,1
1999-11-11,9,meyering:9,179,293,25,9
1999-11-12,6,meyering:6,23,15,7,6
1999-11-13,10,meyering:10,220,189,25,10
1999-11-14,1,meyering:1,4,10,1,1
1999-11-15,1,meyering:1,1,0,1,1
1999-11-17,6,meyering:6,46,10,6,6
1999-11-19,6,meyering:6,26,8,6,6
1999-11-20,10,meyering:10,51,32,11,10
1999-11-22,20,meyering:20,572,182,45,20
1999-11-23,3,meyering:3,10,3,3,3
1999-11-26,3,meyering:3,324,148,18,3
1999-11-27,18,meyering:18,289,115,19,18
1999-11-28,8,meyering:8,70,132,8,8
1999-11-30,2,meyering:2,3,4,2,2
1999-12-04,18,meyering:18,180,40,18,18
1999-12-05,9,meyering:9,80,50,21,9
1999-12-08,2,meyering:2,39,11,2,2
1999-12-09,12,meyering:12,158,30,14,12
1999-12-10,4,meyering:4,47,78,37,4
1999-12-12,3,meyering:3,164,154,4,3
1999-12-13,8,meyering:8,342,5,10,8
1999-12-14,1,meyering:1,1,10,1,1
1999-12-15,2,meyering:2,40,7,2,2
1999-12-18,6,meyering:6,100,19,6,6
1999-12-19,20,meyering:20,208,30,23,20
1999-12-20,3,meyering:3,8,7,3,3
1999-12-22,11,meyering:11,72,39,11,11
1999-12-23,14,meyering:14,163,18,16,14
1999-12-25,2,meyering:2,104,3,3,2
1999-12-26,5,meyering:5,58,10,5,5
1999-12-27,5,meyering:5,41,35,7,5
1999-12-30,4,meyering:4,10,2,4,4
2000-01-01,3,meyering:3,5,3,3,3
2000-01-02,19,meyering:19,253,78,21,19
2000-01-03,3,meyering:3,13,3,3,3
2000-01-04,13,meyering:13,67,13,14,13
2000-01-05,8,meyering:8,160,23,14,8
2000-01-06,24,meyering:24,445,270,26,24
2000-01-07,15,meyering:15,161,55,29,15
2000-01-08,19,meyering:19,130,30,25,19
2000-01-09,8,meyering:8,48,8,8,8
2000-01-10,14,meyering:14,50,17,15,14
2000-01-11,5,meyering:5,39,22,5,5
2000-01-12,17,meyering:17,162,28,19,17
2000-01-13,5,meyering:5,54,9,5,5
2000-01-14,3,meyering:3,30,10,3,3
2000-01-15,23,meyering:23,343,149,26,23
2000-01-16,21,meyering:21,458,90,23,21
2000-01-17,9,meyering:9,19,59,9,9
2000-01-18,7,meyering:7,48,23,7,7
2000-01-19,9,meyering:9,246,221,22,9
2000-01-21,6,meyering:6,87,58,6,6
2000-01-22,45,meyering:45,997,450,47,45
2000-01-23,29,meyering:29,539,10996,47,29
2000-01-24,3,meyering:3,17,10,3,3
2000-01-25,10,meyering:10,207,70,16,10
2000-01-26,1,meyering:1,6,2,1,1
2000-01-28,4,meyering:4,28,14,4,4
2000-01-29,15,meyering:15,185,138,17,15
2000-01-30,30,meyering:30,226,56,51,30
2000-01-31,11,meyering:11,70,23,12,11
2000-02-01,5,meyering:5,30,18,18,5
2000-02-02,7,meyering:7,51,7,8,7
2000-02-03,12,meyering:12,66,19,13,12
2000-02-05,16,meyering:16,191,44,52,16
2000-02-08,11,meyering:11,40,51,11,11
2000-02-09,9,meyering:9,56,35,10,9
2000-02-10,6,meyering:6,39,27,6,6
2000-02-11,2,meyering:2,17,7,2,2
2000-02-12,11,meyering:11,1344,1135,11,11
2000-02-13,4,meyering:4,37,5,4,4
2000-02-14,2,meyering:2,36,24,2,2
2000-02-15,6,meyering:6,265,159,6,6
2000-02-22,5,meyering:5,121,81,5,5
2000-02-23,2,meyering:2,9,21,2,2
2000-02-26,4,meyering:4,23,5,4,4
2000-02-27,37,meyering:37,6791,5802,51,37
2000-02-28,4,meyering:4,18,5,4,4
2000-02-29,4,meyering:4,13,6,4,4
2000-03-01,15,meyering:15,743,104,53,15
2000-03-02,15,meyering:15,141,66,15,15
2000-03-03,13,meyering:13,74,13,14,13
2000-03-04,23,meyering:23,231,28,24,23
2000-03-05,9,meyering:9,44,12,9,9
2000-03-06,3,meyering:3,19,4,3,3
2000-03-07,1,meyering:1,1,1,1,1
2000-03-08,3,meyering:3,22,1,17,3
2000-03-10,7,meyering:7,31,6,7,7
2000-03-11,5,meyering:5,29,2,18,5
2000-03-12,10,meyering:10,371,279,10,10
2000-03-17,4,meyering:4,132,49,4,4
2000-03-18,2,meyering:2,21,9,2,2
2000-03-19,9,meyering:9,47,20,9,9
2000-03-22,1,meyering:1,2,0,1,1
2000-03-24,9,meyering:9,328,182,17,9
2000-03-25,3,meyering:3,11,19,4,3
2000-04-02,2,meyering:2,10,2,2,2
2000-04-03,20,meyering:20,343,250,33,20
2000-04-04,14,meyering:14,122,85,15,14
2000-04-05,12,meyering:12,55,16,13,12
2000-04-06,4,meyering:4,47,15,4,4
2000-04-07,4,meyering:4,36,17,4,4
2000-04-08,13,meyering:13,333,248,29,13
2000-04-09,9,meyering:9,69,13,11,9
2000-04-10,2,meyering:2,3,1,2,2
2000-04-11,1,meyering:1,2,1,1,1
2000-04-12,6,meyering:6,42,10,6,6
2000-04-13,5,meyering:5,40,3,5,5
2000-04-14,4,meyering:4,9,5,4,4
2000-04-15,4,meyering:4,41,12,4,4
2000-04-16,8,meyering:8,86,37,8,8
2000-04-17,7,meyering:7,107,46,7,7
2000-04-18,6,meyering:6,35,1,7,6
2000-04-19,2,meyering:2,12,1,2,2
2000-04-26,9,meyering:9,67,29,9,9
2000-04-27,20,meyering:20,432,51,25,20
2000-04-28,2,meyering:2,11,1,2,2
2000-04-29,7,meyering:7,32,8,8,7
2000-04-30,10,meyering:10,187,13,11,10
2000-05-01,14,meyering:14,187,37,17,14
2000-05-02,4,meyering:4,18,4,4,4
2000-05-03,12,meyering:12,56,20,12,12
2000-05-04,14,meyering:14,801,339,15,14
2000-05-05,19,meyering:19,85,29,19,19
2000-05-06,24,meyering:24,195,78,42,24
2000-05-07,27,meyering:27,176,51,47,27
2000-05-08,7,meyering:7,36,28,12,7
2000-05-09,11,meyering:11,341,322,11,11
2000-05-10,4,meyering:4,21,3,4,4
2000-05-11,9,meyering:9,40,16,13,9
2000-05-12,11,meyering:11,73,17,13,11
2000-05-13,3,meyering:3,90,44,21,3
2000-05-15,12,meyering:12,102,23,12,12
2000-05-16,2,meyering:2,22,28,2,2
2000-05-17,2,meyering:2,2,1,2,2
2000-05-18,9,meyering:9,97,8,9,9
2000-05-19,3,meyering:3,5,5,3,3
2000-05-20,31,meyering:31,390,158,66,31
2000-05-21,1,meyering:1,32,0,1,1
2000-05-22,4,meyering:4,10,7,5,4
2000-05-23,4,meyering:4,65,41,18,4
2000-05-24,7,meyering:7,27,17,7,7
2000-05-25,2,meyering:2,6,1,2,2
2000-05-26,2,meyering:2,6,2,2,2
2000-05-27,3,meyering:3,53,31,3,3
2000-05-28,9,meyering:9,19,109,13,9
2000-05-29,12,meyering:12,123,9,15,12
2000-06-02,4,meyering:4,26,14,4,4
2000-06-03,21,meyering:21,132,37,25,21
2000-06-04,9,meyering:9,26,5,9,9
2000-06-06,5,meyering:5,78,132,23,5
2000-06-08,3,meyering:3,27,26,3,3
2000-06-09,4,meyering:4,37,95,6,4
2000-06-12,14,meyering:14,102,55,34,14
2000-06-13,6,meyering:6,28,9,6,6
2000-06-14,4,meyering:4,11,1,4,4
2000-06-15,12,meyering:12,142,56,15,12
2000-06-16,7,meyering:7,120,66,7,7
2000-06-17,10,meyering:10,139,86,30,10
2000-06-18,6,meyering:6,47,74,22,6
2000-06-19,7,meyering:7,117,148,9,7
2000-06-20,4,meyering:4,9,4,4,4
2000-06-21,25,meyering:25,348,210,25,25
2000-06-22,2,meyering:2,7,3,2,2
2000-06-23,11,meyering:11,72,15,12,11
2000-06-24,19,meyering:19,630,161,21,19
2000-06-25,17,meyering:17,110,55,18,17
2000-06-26,6,meyering:6,28,6,7,6
2000-06-27,19,meyering:19,167,130,19,19
2000-06-28,4,meyering:4,16,5,4,4
2000-06-29,11,meyering:11,32,3,11,11
2000-06-30,2,meyering:2,5,5,2,2
2000-07-01,21,meyering:21,83,24,21,21
2000-07-02,15,meyering:15,123,72,47,15
2000-07-04,19,meyering:19,118,70,20,19
2000-07-06,12,meyering:12,60,23,12,12
2000-07-08,1,meyering:1,12,10,1,1
2000-07-09,19,meyering:19,252,92,111,19
2000-07-10,6,meyering:6,35,21,6,6
2000-07-11,1,meyering:1,7,5,1,1
2000-07-14,14,meyering:14,85,52,19,14
2000-07-15,12,meyering:12,235,115,13,12
2000-07-17,20,meyering:20,396,85,21,20
2000-07-19,3,meyering:3,4,1,3,3
2000-07-23,29,meyering:29,255,110,32,29
2000-07-24,9,meyering:9,115,53,9,9
2000-07-25,9,meyering:9,52,24,9,9
2000-07-29,20,meyering:20,354,75,20,20
2000-07-30,39,meyering:39,392,132,59,39
2000-07-31,12,meyering:12,57,20,13,12
2000-08-01,7,meyering:7,67,11,7,7
2000-08-03,6,meyering:6,94,61,28,6
2000-08-04,3,meyering:3,10,1,3,3
2000-08-05,12,meyering:12,823,718,28,12
2000-08-06,10,meyering:10,770,698,24,10
2000-08-07,22,meyering:22,190,122,81,22
2000-08-08,16,meyering:16,54,26,18,16
2000-08-11,9,meyering:9,341,67,9,9
2000-08-12,16,meyering:16,188,83,19,16
2000-08-13,7,meyering:7,93,84,7,7
2000-08-14,4,meyering:4,18,6,4,4
2000-08-15,7,meyering:7,20,3,7,7
2000-08-18,2,meyering:2,12,2,3,2
2000-08-19,4,meyering:4,12,8,4,4
2000-08-20,24,meyering:24,483,330,29,24
2000-08-21,5,meyering:5,22,5,5,5
2000-08-22,3,meyering:3,42,0,3,3
2000-08-23,12,meyering:12,73,51,14,12
2000-08-24,8,meyering:8,85,9,9,8
2000-08-25,2,meyering:2,51,8,2,2
2000-08-26,18,meyering:18,243,147,20,18
2000-08-27,5,meyering:5,66,48,5,5
2000-08-28,3,meyering:3,16,0,3,3
2000-08-30,2,meyering:2,12,3,2,2
2000-09-02,6,meyering:6,165,13,6,6
2000-09-03,12,meyering:12,284,112,12,12
2000-09-04,20,meyering:20,180,105,20,20
2000-09-05,7,meyering:7,27,7,8,7
2000-09-06,2,meyering:2,12,6,2,2
2000-09-07,7,meyering:7,29,43,7,7
2000-09-08,3,meyering:3,5,4,3,3
2000-09-09,29,meyering:29,220,53,32,29
2000-09-10,6,meyering:6,18,3,6,6
2000-09-12,1,meyering:1,2,0,1,1
2000-09-15,1,meyering:1,4,0,1,1
2000-09-16,5,meyering:5,66,49,5,5
2000-09-17,7,meyering:7,492,118,7,7
2000-09-18,2,meyering:2,8,0,2,2
2000-09-20,6,meyering:6,117,3,6,6
2000-09-21,3,meyering:3,5,1,3,3
2000-09-22,11,meyering:11,140,24,12,11
2000-09-23,4,meyering:4,22,4,5,4
2000-09-24,5,meyering:5,20,3,5,5
2000-09-25,19,meyering:19,110,23,19,19
2000-09-29,4,meyering:4,17,7,4,4
2000-09-30,20,meyering:20,203,125,20,20
2000-10-12,2,meyering:2,5,1,2,2
2000-10-15,1,meyering:1,2,1,2,1
2000-10-16,10,meyering:10,53,5,10,10
2000-10-17,6,meyering:6,23,7,6,6
2000-10-18,10,meyering:10,83,97,10,10
2000-10-19,2,meyering:2,24,8,2,2
2000-10-21,21,meyering:21,458,89,22,21
2000-10-22,35,meyering:35,674,188,60,35
2000-10-23,5,meyering:5,12,12,5,5
2000-10-24,2,meyering:2,7,1,2,2
2000-10-25,8,meyering:8,38,24,9,8
2000-10-26,7,meyering:7,22,7,7,7
2000-10-28,35,meyering:35,266,74,37,35
2000-10-29,22,meyering:22,97,29,23,22
2000-10-30,6,meyering:6,109,45,45,6
2000-10-31,21,meyering:21,219,213,23,21
2000-11-01,4,meyering:4,17,5,4,4
2000-11-02,4,meyering:4,548,20,4,4
2000-11-03,9,meyering:9,33,31,11,9
2000-11-04,5,meyering:5,14,5,5,5
2000-11-05,18,meyering:18,167,44,18,18
2000-11-06,18,meyering:18,167,58,18,18
2000-11-07,8,meyering:8,44,99,8,8
2000-11-08,4,meyering:4,69,13,4,4
2000-11-09,7,meyering:7,102,76,8,7
2000-11-10,16,meyering:16,213,159,16,16
2000-11-11,20,meyering:20,193,205,20,20
2000-11-12,6,meyering:6,57,12,6,6
2000-11-13,5,meyering:5,28,2,6,5
2000-11-14,3,meyering:3,9,10,4,3
2000-11-16,8,meyering:8,48,4,8,8
2000-11-17,12,meyering:12,82,14,17,12
2000-11-18,27,meyering:27,260,162,28,27
2000-11-19,6,meyering:6,92,70,6,6
2000-11-22,1,meyering:1,1,1,1,1
2000-11-23,14,meyering:14,154,41,16,14
2000-11-24,7,meyering:7,149,23,8,7
2000-11-25,10,meyering:10,673,102,10,10
2000-11-26,26,meyering:26,686,235,28,26
2000-11-27,8,meyering:8,11,5,8,8
2000-11-30,14,meyering:14,236,149,14,14
2000-12-02,43,meyering:43,394,217,47,43
2000-12-03,25,meyering:25,285,131,26,25
2000-12-04,5,meyering:5,27,2,5,5
2000-12-05,2,meyering:2,12,8,2,2
2000-12-06,8,meyering:8,23,7,8,8
2000-12-07,10,meyering:10,173,128,10,10
2000-12-08,6,meyering:6,35,8,6,6
2000-12-09,28,meyering:28,869,535,30,28
2000-12-10,6,meyering:6,30,2,6,6
2000-12-13,2,meyering:2,95,19,2,2
2000-12-14,3,meyering:3,13,2,3,3
2000-12-15,10,meyering:10,244,104,11,10
2000-12-16,22,meyering:22,179,90,23,22
2000-12-17,10,meyering:10,225,8,11,10
2000-12-18,3,meyering:3,9,0,3,3
2000-12-19,19,meyering:19,356,74,21,19
2000-12-22,2,meyering:2,12,5,2,2
2000-12-23,2,meyering:2,8,0,2,2
2000-12-24,9,meyering:9,60,19,9,9
2000-12-25,11,meyering:11,39,25,11,11
2000-12-26,8,meyering:8,56,18,9,8
2000-12-27,4,meyering:4,48,31,21,4
2000-12-28,12,meyering:12,35,15,12,12
2000-12-29,4,meyering:4,79,21,4,4
2000-12-30,2,meyering:2,9,3,2,2
2000-12-31,20,meyering:20,155,40,21,20
2001-01-01,9,meyering:9,91,8,9,9
2001-01-02,11,meyering:11,76,41,26,11
2001-01-03,18,meyering:18,196,26,18,18
2001-01-04,5,meyering:5,43,13,6,5
2001-01-07,18,meyering:18,113,89,18,18
2001-01-08,1,meyering:1,5,5,1,1
2001-01-09,5,meyering:5,73,9,5,5
2001-01-10,21,meyering:21,145,35,21,21
2001-01-11,2,meyering:2,2,2,2,2
2001-01-12,2,meyering:2,24,4,2,2
2001-01-13,8,meyering:8,54,6,8,8
2001-01-14,22,meyering:22,295,82,26,22
2001-01-15,1,meyering:1,1,0,1,1
2001-01-16,2,meyering:2,7,1,2,2
2001-01-17,12,meyering:12,39,21,13,12
2001-01-20,13,meyering:13,95,50,14,13
2001-01-21,7,meyering:7,44,4,7,7
2001-01-22,2,meyering:2,7,2,2,2
2001-01-26,10,meyering:10,35,12,16,10
2001-01-27,5,meyering:5,22,6,5,5
2001-01-28,10,meyering:10,44,16,12,10
2001-01-30,8,meyering:8,50,17,8,8
2001-01-31,1,meyering:1,158,180,19,1
2001-02-03,15,meyering:15,104,37,15,15
2001-02-04,9,meyering:9,256,170,14,9
2001-02-05,3,meyering:3,16,2,3,3
2001-02-06,6,meyering:6,20,10,6,6
2001-02-07,5,meyering:5,1923,287,5,5
2001-02-08,2,meyering:2,206,171,20,2
2001-02-10,4,meyering:4,7,3,4,4
2001-02-11,3,meyering:3,20,11,3,3
2001-02-16,2,meyering:2,6,0,2,2
2001-02-17,39,meyering:39,222,97,40,39
2001-02-18,13,meyering:13,117,31,17,13
2001-02-19,10,meyering:10,448,321,10,10
2001-02-20,10,meyering:10,51,19,10,10
2001-02-21,3,meyering:3,15,8,3,3
2001-02-22,1,meyering:1,2,3,1,1
2001-02-23,1,meyering:1,5,0,1,1
2001-02-25,2,meyering:2,21,15,2,2
2001-03-01,2,meyering:2,7,2,2,2
2001-03-02,10,meyering:10,1273,848,27,10
2001-03-03,17,meyering:17,340,114,20,17
2001-03-04,8,meyering:8,687,594,25,8
2001-03-06,5,meyering:5,237,35,5,5
2001-03-08,2,meyering:2,9,1,2,2
2001-03-09,15,meyering:15,293,196,22,15
2001-03-10,4,meyering:4,11,3,4,4
2001-03-11,2,meyering:2,10,0,2,2
2001-03-12,10,meyering:10,2424,1468,45,10
2001-03-13,16,meyering:16,294,226,20,16
2001-03-15,3,meyering:3,18,13,3,3
2001-03-16,11,meyering:11,59,48,11,11
2001-03-17,15,meyering:15,1248,1145,134,15
2001-03-18,11,meyering:11,68,18,13,11
2001-03-19,2,meyering:2,6,2,2,2
2001-03-20,1,meyering:1,1,1,1,1
2001-03-23,5,meyering:5,20,2,5,5
2001-03-24,5,meyering:5,109,31,5,5
2001-04-01,1,meyering:1,4,0,1,1
2001-04-02,5,meyering:5,345,348,6,5
2001-04-04,2,meyering:2,12,7,2,2
2001-04-08,4,meyering:4,14,1,4,4
2001-04-13,4,meyering:4,49,6,4,4
2001-04-14,2,meyering:2,5,1,2,2
2001-04-15,2,meyering:2,9,2,2,2
2001-04-20,2,meyering:2,19,8,2,2
2001-04-21,16,meyering:16,78,30,16,16
2001-04-22,22,meyering:22,182,57,22,22
2001-04-23,4,meyering:4,32,10,4,4
2001-04-24,4,meyering:4,345,248,9,4
2001-04-25,3,meyering:3,9,1,3,3
2001-04-29,10,meyering:10,69,32,10,10
2001-05-02,2,meyering:2,67,27,2,2
2001-05-05,7,meyering:7,163,88,7,7
2001-05-07,1,meyering:1,1,0,1,1
2001-05-09,2,meyering:2,5,2,2,2
2001-05-10,2,meyering:2,30,2,2,2
2001-05-11,13,meyering:13,11609,33,14,13
2001-05-12,34,meyering:34,974,844,58,34
2001-05-13,17,meyering:17,165,94,18,17
2001-05-15,6,meyering:6,45,19,6,6
2001-05-16,4,meyering:4,248,418,23,4
2001-05-19,11,meyering:11,98,9,12,11
2001-05-20,20,meyering:20,750,263,22,20
2001-05-21,19,meyering:19,476,4893,43,19
2001-05-22,2,meyering:2,6,2,2,2
2001-05-24,19,meyering:19,245,99,22,19
2001-05-27,6,meyering:6,30,4,7,6
2001-06-05,1,meyering:1,4,0,1,1
2001-06-09,4,meyering:4,541,314,9,4
2001-06-10,2,meyering:2,9,4,2,2
2001-06-11,3,meyering:3,17,2,3,3
2001-06-16,17,meyering:17,11464,14812,17,17
2001-06-17,5,meyering:5,61,32,5,5
2001-06-18,1,meyering:1,2,1,1,1
2001-06-20,1,meyering:1,1,1,1,1
2001-06-24,2,meyering:2,8,5,2,2
2001-07-01,2,meyering:2,7,1,2,2
2001-07-02,12,meyering:12,258,101,13,12
2001-07-04,1,meyering:1,25,10,1,1
2001-07-05,3,meyering:3,121,24,3,3
2001-07-08,7,meyering:7,41,19,7,7
2001-07-10,1,meyering:1,1,1,1,1
2001-07-11,1,meyering:1,144,150,20,1
2001-07-12,1,meyering:1,1,0,1,1
2001-07-14,12,meyering:12,142,64,12,12
2001-07-15,22,meyering:22,1631,1231,26,22
2001-07-16,2,meyering:2,6,0,2,2
2001-08-03,2,meyering:2,7,2,2,2
2001-08-04,32,meyering:32,847,783,49,32
2001-08-05,10,meyering:10,63,20,11,10
2001-08-06,5,meyering:5,67,6,6,5
2001-08-07,8,meyering:8,59,20,8,8
2001-08-10,6,meyering:6,36,9,6,6
2001-08-12,33,meyering:33,827,528,116,33
2001-08-13,17,meyering:17,189,64,30,17
2001-08-14,14,meyering:14,362,352,44,14
2001-08-16,2,meyering:2,8,1,2,2
2001-08-18,47,meyering:47,1201,285,53,47
2001-08-19,1,meyering:1,1,1,1,1
2001-08-21,1,meyering:1,2,2,1,1
2001-08-23,1,meyering:1,27,16,1,1
2001-08-24,14,meyering:14,100,53,16,14
2001-08-25,24,meyering:24,547,468,42,24
2001-08-26,31,meyering:31,367,163,54,31
2001-08-27,15,meyering:15,164,136,16,15
2001-08-28,4,meyering:4,14,7,4,4
2001-08-30,2,meyering:2,5,1,2,2
2001-08-31,59,meyering:59,652,403,62,59
2001-09-01,17,meyering:17,313,156,36,17
2001-09-02,15,meyering:15,208,61,16,15
2001-09-03,17,meyering:17,150,30,24,17
2001-09-04,9,meyering:9,71,22,9,9
2001-09-06,2,meyering:2,32,4,2,2
2001-09-07,5,meyering:5,207,93,5,5
2001-09-08,4,meyering:4,55,7,4,4
2001-09-09,2,meyering:2,7,2,2,2
2001-09-11,6,meyering:6,84,1,7,6
2001-09-12,12,meyering:12,63,11,12,12
2001-09-15,24,meyering:24,201,73,26,24
2001-09-16,27,meyering:27,392,174,51,27
2001-09-17,10,meyering:10,82,45,29,10
2001-09-19,5,meyering:5,251,240,22,5
2001-09-20,7,meyering:7,143,103,7,7
2001-09-22,27,meyering:27,1526,1067,80,27
2001-09-23,19,meyering:19,185,141,41,19
2001-09-24,2,meyering:2,153,158,2,2
2001-09-25,5,meyering:5,29,1,5,5
2001-09-26,18,meyering:18,305,131,40,18
2001-09-28,17,meyering:17,406,164,42,17
2001-09-29,10,meyering:10,69,20,10,10
2001-09-30,9,meyering:9,70,19,9,9
2001-10-04,4,meyering:4,24,10,4,4
2001-10-05,5,meyering:5,119,74,8,5
2001-10-06,12,meyering:12,221,354,13,12
2001-10-07,9,meyering:9,75,12,9,9
2001-10-11,2,meyering:2,7,2,2,2
2001-10-12,5,meyering:5,66,4,6,5
2001-10-13,19,meyering:19,303,54,24,19
2001-10-14,2,meyering:2,16,19,2,2
2001-10-17,4,meyering:4,62,10,4,4
2001-10-18,6,meyering:6,34,10,6,6
2001-10-20,12,meyering:12,73,38,13,12
2001-10-21,22,meyering:22,190,124,22,22
2001-10-22,6,meyering:6,50,12,6,6
2001-10-24,4,meyering:4,141,135,4,4
2001-10-27,3,meyering:3,17,10,3,3
2001-10-28,9,meyering:9,100,18,9,9
2001-11-01,26,meyering:26,581,132,29,26
2001-11-02,9,meyering:9,40,28,9,9
2001-11-03,16,meyering:16,84,56,16,16
2001-11-04,6,meyering:6,46,20,20,6
2001-11-05,6,meyering:6,39,14,6,6
2001-11-06,3,meyering:3,8,1,3,3
2001-11-08,8,meyering:8,265,209,27,8
2001-11-09,1,meyering:1,12,2,2,1
2001-11-10,10,meyering:10,39,10,11,10
2001-11-11,41,meyering:41,265,92,42,41
2001-11-12,3,meyering:3,17,18,3,3
2001-11-13,10,meyering:10,110,25,10,10
2001-11-14,5,meyering:5,22,8,5,5
2001-11-16,2,meyering:2,56,9,2,2
2001-11-17,30,meyering:30,413,239,71,30
2001-11-18,5,meyering:5,70,28,27,5
2001-11-19,14,meyering:14,101,42,14,14
2001-11-20,3,meyering:3,9,5,3,3
2001-11-22,37,meyering:37,422,141,55,37
2001-11-23,15,meyering:15,559,170,84,15
2001-11-24,10,meyering:10,34,48,10,10
2001-11-25,4,meyering:4,52,34,18,4
2001-11-26,6,meyering:6,382,38,7,6
2001-11-27,13,meyering:13,527,259,13,13
2001-11-28,4,meyering:4,71,31,20,4
2001-11-30,2,meyering:2,7,10,2,2
2001-12-01,10,meyering:10,150,165,60,10
2001-12-02,19,meyering:19,136,117,39,19
2001-12-03,4,meyering:4,41,19,7,4
2001-12-04,4,meyering:4,22,7,7,4
2001-12-05,1,meyering:1,1,1,1,1
2001-12-08,6,meyering:6,24,8,6,6
2001-12-09,11,meyering:11,53,28,11,11
2001-12-10,2,meyering:2,18,8,2,2
2001-12-11,10,meyering:10,81,33,10,10
2001-12-13,4,meyering:4,24,3,4,4
2001-12-14,2,meyering:2,7,1,2,2
2001-12-15,13,meyering:13,1202,249,45,13
2001-12-16,1,meyering:1,8,81,1,1
2001-12-17,8,meyering:8,33,19,9,8
2001-12-19,7,meyering:7,150,46,7,7
2001-12-20,5,meyering:5,26,6,5,5
2001-12-21,8,meyering:8,188,428,8,8
2001-12-28,1,meyering:1,4,0,1,1
2001-12-29,7,meyering:7,48,2,7,7
2001-12-31,1,meyering:1,4,2,1,1
2002-01-02,1,meyering:1,14,1,1,1
2002-01-05,7,meyering:7,15,5,7,7
2002-01-06,1,meyering:1,51,34,1,1
2002-01-08,2,meyering:2,27,2,2,2
2002-01-09,1,meyering:1,3,1,1,1
2002-01-12,10,meyering:10,115,42,10,10
2002-01-13,4,meyering:4,138,118,25,4
2002-01-14,9,meyering:9,73,20,10,9
2002-01-16,27,meyering:27,506,421,64,27
2002-01-18,18,meyering:18,313,72,39,18
2002-01-19,4,meyering:4,154,110,10,4
2002-01-20,2,meyering:2,158,167,2,2
2002-01-21,17,meyering:17,129,36,18,17
2002-01-22,30,meyering:30,439,226,72,30
2002-01-24,2,meyering:2,9,6,2,2
2002-01-26,6,meyering:6,55,69,9,6
2002-01-27,2,meyering:2,22,3,2,2
2002-01-28,6,meyering:6,26,22,6,6
2002-02-01,6,meyering:6,119,73,6,6
2002-02-02,13,meyering:13,365,121,13,13
2002-02-10,1,meyering:1,5,1,1,1
2002-02-11,26,meyering:26,527,209,54,26
2002-02-12,6,meyering:6,98,48,6,6
2002-02-13,1,meyering:1,3,0,1,1
2002-02-15,2,meyering:2,181,154,2,2
2002-02-16,51,meyering:51,13367,7444,92,51
2002-02-17,17,meyering:17,1631,1403,41,17
2002-02-18,9,meyering:9,1342,1323,16,9
2002-02-19,2,meyering:2,6,1,2,2
2002-02-20,3,meyering:3,15,10,3,3
2002-02-23,7,meyering:7,89,36,7,7
2002-02-24,2,meyering:2,24,3,3,2
2002-02-25,1,meyering:1,27,22,2,1
2002-02-26,14,meyering:14,165,318,16,14
2002-02-28,5,meyering:5,86,30,6,5
2002-03-01,18,meyering:18,325,96,19,18
2002-03-02,17,meyering:17,120,71,17,17
2002-03-03,10,meyering:10,508,481,15,10
2002-03-05,1,meyering:1,8,2,2,1
2002-03-06,5,meyering:5,123,96,26,5
2002-03-08,7,meyering:7,103,29,7,7
2002-03-09,7,meyering:7,111,44,27,7
2002-03-10,19,meyering:19,79,58,25,19
2002-03-12,1,meyering:1,1,0,1,1
2002-03-14,1,meyering:1,37,12,1,1
2002-03-16,3,meyering:3,20,2,4,3
2002-03-17,10,meyering:10,75,12,10,10
2002-03-18,2,meyering:2,35,28,26,2
2002-03-19,2,meyering:2,2,2,2,2
2002-03-25,5,meyering:5,32,19,5,5
2002-03-27,2,meyering:2,9,6,3,2
2002-03-28,2,meyering:2,56,43,3,2
2002-03-29,3,meyering:3,58,0,3,3
2002-03-30,13,meyering:13,112,58,14,13
2002-04-07,5,meyering:5,15,3,5,5
2002-04-08,2,meyering:2,21,22,2,2
2002-04-09,3,meyering:3,16,6,3,3
2002-04-12,17,meyering:17,470,157,38,17
2002-04-13,8,meyering:8,1299,302,8,8
2002-04-14,14,meyering:14,538,546,14,14
2002-04-15,14,meyering:14,196,30,14,14
2002-04-16,10,meyering:10,164,64,11,10
2002-04-17,7,meyering:7,58,6,8,7
2002-04-19,22,meyering:22,281,227,53,22
2002-04-20,1,meyering:1,23,23,8,1
2002-04-22,6,meyering:6,36,23,6,6
2002-04-24,8,meyering:8,88,3,8,8
2002-04-25,20,meyering:20,283,293,46,20
2002-04-27,2,meyering:2,41,44,2,2
2002-04-28,37,meyering:37,1515,1338,38,37
2002-04-29,9,meyering:9,37,26,9,9
2002-04-30,12,meyering:12,125,80,12,12
2002-05-01,7,meyering:7,19,10,7,7
2002-05-03,8,meyering:8,27,10,8,8
2002-05-12,1,meyering:1,1,0,1,1
2002-05-13,2,meyering:2,21,21,2,2
2002-05-14,3,meyering:3,28,10,3,3
2002-05-21,7,meyering:7,274,29,10,7
2002-05-22,11,meyering:11,248,32,12,11
2002-05-23,1,meyering:1,3,0,1,1
2002-05-24,10,meyering:10,147,25,11,10
2002-05-25,3,meyering:3,4,7,3,3
2002-05-26,2,meyering:2,137,132,2,2
2002-05-27,10,meyering:10,65,13,10,10
2002-05-28,3,meyering:3,9,4,3,3
2002-05-29,1,meyering:1,3,3,1,1
2002-05-30,2,meyering:2,23,4,2,2
2002-06-01,5,meyering:5,65,6,5,5
2002-06-02,11,meyering:11,838,590,11,11
2002-06-03,2,meyering:2,9,0,2,2
2002-06-06,1,meyering:1,85,108,2,1
2002-06-07,8,meyering:8,73,17,8,8
2002-06-12,3,meyering:3,2,5,3,3
2002-06-13,1,meyering:1,52,121,3,1
2002-06-14,2,meyering:2,128,67,3,2
2002-06-15,41,meyering:41,629,324,60,41
2002-06-16,1,meyering:1,8,8,1,1
2002-06-17,2,meyering:2,10,2,2,2
2002-06-19,2,meyering:2,10,7,2,2
2002-06-20,1,meyering:1,6,6,1,1
2002-06-21,26,meyering:26,463,116,30,26
2002-06-22,32,meyering:32,1349,339,38,32
2002-06-24,4,meyering:4,9,1,4,4
2002-06-25,2,meyering:2,20,6,2,2
2002-06-26,7,meyering:7,1213,10,8,7
2002-06-29,4,meyering:4,39,10,4,4
2002-07-01,12,meyering:12,635,18,12,12
2002-07-02,21,meyering:21,1074,176,127,21
2002-07-03,6,meyering:6,52,20,6,6
2002-07-04,7,meyering:7,45,6,8,7
2002-07-06,8,meyering:8,61,164,9,8
2002-07-08,13,meyering:13,186,94,13,13
2002-07-09,12,meyering:12,166,108,13,12
2002-07-10,8,meyering:8,42,9,8,8
2002-07-13,2,meyering:2,40,61,2,2
2002-07-14,3,meyering:3,41,14,3,3
2002-07-15,10,meyering:10,54,8,10,10
2002-07-16,9,meyering:9,131,10,11,9
2002-07-17,5,meyering:5,57,28,7,5
2002-07-18,11,meyering:11,160,60,13,11
2002-07-19,10,meyering:10,223,164,11,10
2002-07-20,38,meyering:38,3283,1570,70,38
2002-07-22,15,meyering:15,1812,798,31,15
2002-07-23,5,meyering:5,7,33,6,5
2002-07-24,4,meyering:4,30,12,4,4
2002-07-25,1,meyering:1,6,3,1,1
2002-07-26,2,meyering:2,4,1,2,2
2002-07-27,10,meyering:10,98,19,11,10
2002-07-28,8,meyering:8,47,157,31,8
2002-07-29,16,meyering:16,2379,22,19,16
2002-08-01,8,meyering:8,47,37,8,8
2002-08-02,4,meyering:4,46,13,5,4
2002-08-03,11,meyering:11,1328,35,21,11
2002-08-04,16,meyering:16,246222,12,49,16
2002-08-05,9,meyering:9,47512,136,33,9
2002-08-07,6,meyering:6,180,91,6,6
2002-08-08,8,meyering:8,28,37,9,8
2002-08-09,7,meyering:7,66,32,12,7
2002-08-10,2,meyering:2,9,2,2,2
2002-08-14,1,meyering:1,1,1,1,1
2002-08-20,4,meyering:4,8,8,4,4
2002-08-25,4,meyering:4,58,30,10,4
2002-08-26,12,meyering:12,57,15,13,12
2002-08-28,1,meyering:1,5,1,1,1
2002-08-29,7,meyering:7,100,28,7,7
2002-08-30,4,meyering:4,123,104,34,4
2002-08-31,17,meyering:17,626,317,86,17
2002-09-01,3,meyering:3,9927,7791,28,3
2002-09-02,9,meyering:9,44,16,9,9
2002-09-03,2,meyering:2,6469,2,2,2
2002-09-04,4,meyering:4,13,4,4,4
2002-09-05,1,meyering:1,7,0,1,1
2002-09-06,4,meyering:4,11,7,4,4
2002-09-10,7,meyering:7,15,253,11,7
2002-09-11,3,meyering:3,213,0,4,3
2002-09-12,11,meyering:11,88,413,16,11
2002-09-13,18,meyering:18,92,26,19,18
2002-09-14,6,meyering:6,44,18,6,6
2002-09-15,7,meyering:7,36,11,7,7
2002-09-16,6,meyering:6,6330,4,6,6
2002-09-17,10,meyering:10,134,22,10,10
2002-09-18,3,meyering:3,3,1,3,3
2002-09-19,1,meyering:1,1,0,1,1
2002-09-20,9,meyering:9,62,4,10,9
2002-09-21,9,meyering:9,80,14,10,9
2002-09-22,9,meyering:9,501,222,65,9
2002-09-24,2,meyering:2,55,16,2,2
2002-09-25,12,meyering:12,115,31,16,12
2002-09-26,5,meyering:5,45,14,5,5
2002-09-28,18,meyering:18,134,183,20,18
2002-09-29,21,meyering:21,385,367,76,21
2002-09-30,6,meyering:6,463,1759,14,6
2002-10-01,4,meyering:4,19,3,4,4
2002-10-02,5,meyering:5,124,40,5,5
2002-10-03,3,meyering:3,14,6,6,3
2002-10-04,3,meyering:3,8,6,3,3
2002-10-05,17,meyering:17,18943,23899,46,17
2002-10-06,11,meyering:11,59,14,11,11
2002-10-07,2,meyering:2,17,7,2,2
2002-10-08,13,meyering:13,118,85,50,13
2002-10-09,12,meyering:12,63,31,12,12
2002-10-10,7,meyering:7,43,10,8,7
2002-10-11,5,meyering:5,55,3,5,5
2002-10-12,7,meyering:7,89,66,7,7
2002-10-13,24,meyering:24,4396,4268,59,24
2002-10-14,8,meyering:8,68,9,8,8
2002-10-15,1,meyering:1,1,1,1,1
2002-10-17,3,meyering:3,18,5,3,3
2002-10-18,2,meyering:2,7,2,2,2
2002-10-19,11,meyering:11,602,291,16,11
2002-11-05,10,meyering:10,60,85,10,10
2002-11-06,19,meyering:19,485,162,71,19
2002-11-07,2,meyering:2,195,118,2,2
2002-11-08,10,meyering:10,538,478,13,10
2002-11-09,18,meyering:18,408,200,18,18
2002-11-10,20,meyering:20,260,112,23,20
2002-11-11,5,meyering:5,18,4,5,5
2002-11-12,2,meyering:2,8,8,2,2
2002-11-13,3,meyering:3,15,1,3,3
2002-11-14,11,meyering:11,52,33,13,11
2002-11-15,7,meyering:7,85,10,57,7
2002-11-16,2,meyering:2,53,49,2,2
2002-11-17,6,meyering:6,101,169,7,6
2002-11-19,10,meyering:10,39,7,10,10
2002-11-21,28,meyering:28,6756,119,28,28
2002-11-22,9,meyering:9,53,70,9,9
2002-11-23,24,meyering:24,228,207,27,24
2002-11-24,9,meyering:9,76,26,9,9
2002-11-28,7,meyering:7,35,8,7,7
2002-11-30,5,meyering:5,40,12,5,5
2002-12-01,32,meyering:32,452,233,39,32
2002-12-02,7,meyering:7,48,31,8,7
2002-12-03,12,meyering:12,741,816,64,12
2002-12-04,15,meyering:15,211,322,15,15
2002-12-06,23,meyering:23,371,250,26,23
2002-12-08,4,meyering:4,19,2,4,4
2002-12-09,3,meyering:3,18,5,3,3
2002-12-11,11,meyering:11,7413,5257,14,11
2002-12-13,16,meyering:16,12284,11698,45,16
2002-12-14,16,meyering:16,83,19,17,16
2002-12-15,20,meyering:20,315,294,46,20
2002-12-16,2,meyering:2,6,66,2,2
2002-12-18,1,meyering:1,1,1,1,1
2002-12-19,1,meyering:1,3,2,1,1
2002-12-20,2,meyering:2,18,2,2,2
2002-12-21,5,meyering:5,110,112,55,5
2003-01-03,11,meyering:11,265,56,15,11
2003-01-04,27,meyering:27,352,242,28,27
2003-01-06,9,meyering:9,124,19,10,9
2003-01-07,18,meyering:18,147,103,18,18
2003-01-08,2,meyering:2,10,5,2,2
2003-01-09,17,meyering:17,637,27,20,17
2003-01-10,20,meyering:20,206,109,23,20
2003-01-11,14,meyering:14,366,92,14,14
2003-01-12,20,meyering:20,1424,533,20,20
2003-01-13,8,meyering:8,41,15,8,8
2003-01-14,20,meyering:20,223,71,21,20
2003-01-15,17,meyering:17,117,25,18,17
2003-01-16,7,meyering:7,236,102,16,7
2003-01-17,2,meyering:2,254,215,2,2
2003-01-18,5,meyering:5,68,35,6,5
2003-01-19,8,meyering:8,169,69,8,8
2003-01-20,30,meyering:30,399,252,33,30
2003-01-21,15,meyering:15,735,12,16,15
2003-01-22,21,meyering:21,183,46,22,21
2003-01-23,10,meyering:10,122,33,11,10
2003-01-24,8,meyering:8,85,18,8,8
2003-01-25,5,meyering:5,182,129,5,5
2003-01-26,2,meyering:2,6,2,2,2
2003-01-27,11,meyering:11,96,31,11,11
2003-01-28,3,meyering:3,19,2,3,3
2003-01-29,5,meyering:5,22,3,5,5
2003-01-30,4,meyering:4,156,113,6,4
2003-01-31,10,meyering:10,335,317,10,10
2003-02-01,14,meyering:14,242,79,18,14
2003-02-02,28,meyering:28,17665,12566,120,28
2003-02-03,1,meyering:1,1,1,1,1
2003-02-04,4,meyering:4,53,24,4,4
2003-02-05,23,meyering:23,168,53,24,23
2003-02-06,20,meyering:20,1130,809,54,20
2003-02-07,4,meyering:4,83,68,4,4
2003-02-08,20,meyering:20,1588,1168,49,20
2003-02-09,4,meyering:4,23,30,4,4
2003-02-10,10,meyering:10,67,35,10,10
2003-02-12,12,meyering:12,95,43,12,12
2003-02-13,1,meyering:1,1384,0,2,1
2003-02-14,2,meyering:2,7,2,2,2
2003-02-15,16,meyering:16,287,11,18,16
2003-02-16,7,meyering:7,7040,2,7,7
2003-02-17,10,meyering:10,229,92,15,10
2003-02-18,9,meyering:9,105,37,9,9
2003-02-19,25,meyering:25,2418,599,78,25
2003-02-20,15,meyering:15,536,370,66,15
2003-02-21,35,meyering:35,7333,8997,64,35
2003-02-22,12,meyering:12,90,32,12,12
2003-02-23,1,meyering:1,3,6,2,1
2003-02-24,12,meyering:12,342,308,13,12
2003-02-25,3,meyering:3,100,22,3,3
2003-02-26,3,meyering:3,9,9,3,3
2003-02-27,8,meyering:8,230,17,8,8
2003-02-28,11,meyering:11,133,12,11,11
2003-03-01,4,meyering:4,65,11,4,4
2003-03-02,12,meyering:12,142,26,15,12
2003-03-03,10,meyering:10,73,34,10,10
2003-03-04,39,meyering:39,597,137,44,39
2003-03-05,33,meyering:33,4668,6744,66,33
2003-03-06,10,meyering:10,40,17,11,10
2003-03-07,28,meyering:28,231,372,36,28
2003-03-08,35,meyering:35,229,71,36,35
2003-03-09,6,meyering:6,31,16,6,6
2003-03-10,6,meyering:6,28,0,6,6
2003-03-11,15,meyering:15,107,35,16,15
2003-03-12,2,meyering:2,4373,5628,35,2
2003-03-13,12,meyering:12,91,12,14,12
2003-03-14,30,meyering:30,407,1410,83,30
2003-03-15,7,meyering:7,57,231,11,7
2003-03-16,2,meyering:2,11,3,2,2
2003-03-17,13,meyering:13,50,26,13,13
2003-03-18,19,meyering:19,124,531,21,19
2003-03-19,27,meyering:27,1648,1618,59,27
2003-03-20,12,meyering:12,428,888,63,12
2003-03-21,1,meyering:1,2,0,1,1
2003-03-22,8,meyering:8,47,24,8,8
2003-03-23,2,meyering:2,24,1,2,2
2003-03-26,2,meyering:2,9,1,2,2
2003-03-27,13,meyering:13,832,810,43,13
2003-03-28,18,meyering:18,101,56,18,18
2003-03-29,2,meyering:2,20,1,2,2
2003-03-30,8,meyering:8,27,4,8,8
2003-03-31,2,meyering:2,9,2,2,2
2003-04-01,2,meyering:2,11,4,2,2
2003-04-02,23,meyering:23,959,3812,58,23
2003-04-03,2,meyering:2,5,0,2,2
2003-04-04,14,meyering:14,172,36,14,14
2003-04-05,15,meyering:15,250,208,107,15
2003-04-06,2,meyering:2,15,2,2,2
2003-04-07,5,meyering:5,33,6,5,5
2003-04-08,17,meyering:17,202,154,39,17
2003-04-09,13,meyering:13,124,52,13,13
2003-04-10,32,meyering:32,298,87,35,32
2003-04-11,34,meyering:34,295,285,69,34
2003-04-12,9,meyering:9,143,54,9,9
2003-04-13,2,meyering:2,6,5,2,2
2003-04-15,17,meyering:17,73,73,41,17
2003-04-16,4,meyering:4,8,12,5,4
2003-04-17,2,meyering:2,7,14,2,2
2003-04-21,10,meyering:10,127,34,11,10
2003-04-22,1,meyering:1,1,1,1,1
2003-04-23,5,meyering:5,73,7,5,5
2003-04-24,6,meyering:6,113,90,56,6
2003-04-25,3,meyering:3,24,12,3,3
2003-04-26,1,meyering:1,2,0,1,1
2003-04-28,4,meyering:4,20,6,4,4
2003-05-01,11,meyering:11,180,126,11,11
2003-05-02,19,meyering:19,285,56,20,19
2003-05-03,9,meyering:9,505,34,9,9
2003-05-04,19,meyering:19,709,413,24,19
2003-05-05,5,meyering:5,34,4,5,5
2003-05-06,5,meyering:5,21,7,6,5
2003-05-07,3,meyering:3,183,32,3,3
2003-05-08,3,meyering:3,37,58,3,3
2003-05-09,5,meyering:5,11,4,5,5
2003-05-10,34,meyering:34,138,75,34,34
2003-05-11,4,meyering:4,134,105,7,4
2003-05-12,8,meyering:8,163,25,8,8
2003-05-13,25,meyering:25,150,89,26,25
2003-05-14,34,meyering:34,253,119,62,34
2003-05-15,2,meyering:2,5,1,2,2
2003-05-20,1,meyering:1,4,1,1,1
2003-05-21,2,meyering:2,14,3,2,2
2003-05-24,6,meyering:6,90,7,7,6
2003-05-26,8,meyering:8,45,38,8,8
2003-05-28,3,meyering:3,10,5,3,3
2003-05-29,5,meyering:5,71,108,55,5
2003-05-30,4,meyering:4,40,32,4,4
2003-06-01,7,meyering:7,87,39,7,7
2003-06-02,9,meyering:9,96,39,9,9
2003-06-03,5,meyering:5,19,10,5,5
2003-06-04,8,meyering:8,110,37,8,8
2003-06-05,3,meyering:3,41,59,3,3
2003-06-06,78,meyering:78,1056,412,182,78
2003-06-07,16,meyering:16,131,33,16,16
2003-06-08,11,meyering:11,384,49,16,11
2003-06-09,6,meyering:6,47,0,7,6
2003-06-10,4,meyering:4,16,1,4,4
2003-06-11,2,meyering:2,18,4,2,2
2003-06-12,11,meyering:11,55,20,13,11
2003-06-16,10,meyering:10,51,27,10,10
2003-06-17,16,meyering:16,254,37,98,16
2003-06-18,47,meyering:47,498,704,75,47
2003-06-19,6,meyering:6,36,9,6,6
2003-06-25,2,meyering:2,27,0,2,2
2003-06-27,6,meyering:6,49,6,6,6
2003-06-28,1,meyering:1,3,3,1,1
2003-06-29,1,meyering:1,1,0,1,1
2003-07-03,3,meyering:3,8,4,4,3
2003-07-04,8,meyering:8,146,51,8,8
2003-07-05,1,meyering:1,19,11,2,1
2003-07-06,7,meyering:7,40,17,7,7
2003-07-08,3,meyering:3,89,29,3,3
2003-07-09,13,meyering:13,392,195,15,13
2003-07-10,37,meyering:37,2951,237,67,37
2003-07-11,29,meyering:29,521,246,81,29
2003-07-12,35,meyering:35,2202,526,94,35
2003-07-13,22,meyering:22,141,39,22,22
2003-07-14,8,meyering:8,30176,24347,37,8
2003-07-15,14,meyering:14,43,16,14,14
2003-07-16,22,meyering:22,140,49,22,22
2003-07-17,1,meyering:1,10,4,3,1
2003-07-18,34,meyering:34,233,88,34,34
2003-07-19,17,meyering:17,114,99,19,17
2003-07-20,24,meyering:24,363,105,29,24
2003-07-22,16,meyering:16,178,307,16,16
2003-07-23,48,meyering:48,502,277,124,48
2003-07-24,8,meyering:8,43,21,8,8
2003-07-25,5,meyering:5,29,5,5,5
2003-07-26,31,meyering:31,3600,786,34,31
2003-07-27,25,meyering:25,28392,27532,63,25
2003-07-28,18,meyering:18,184,299,19,18
2003-07-29,10,meyering:10,1090,1037,10,10
2003-07-30,1,meyering:1,1,1,1,1
2003-07-31,4,meyering:4,27,2,4,4
2003-08-01,15,meyering:15,104,87,15,15
2003-08-02,12,meyering:12,50,16,13,12
2003-08-03,5,meyering:5,178,158,5,5
2003-08-04,2,meyering:2,7,4,2,2
2003-08-05,3,meyering:3,28,13,3,3
2003-08-06,5,meyering:5,390,77,56,5
2003-08-07,32,meyering:32,633,264,44,32
2003-08-08,2,meyering:2,9,2,2,2
2003-08-09,55,meyering:55,727,558,75,55
2003-08-10,13,meyering:13,175,51,17,13
2003-08-11,6,meyering:6,64,11,8,6
2003-08-12,4,meyering:4,8269,1,4,4
2003-08-13,9,meyering:9,162,285,10,9
2003-08-15,21,meyering:21,101,33,25,21
2003-08-16,9,meyering:9,95,10,9,9
2003-08-17,16,meyering:16,2590,866,144,16
2003-08-18,32,meyering:32,7801,5675,152,32
2003-08-19,15,meyering:15,709,47,63,15
2003-08-20,3,meyering:3,12,2,3,3
2003-08-22,3,meyering:3,13,2,3,3
2003-08-23,2,meyering:2,2,3,2,2
2003-08-25,3,meyering:3,11,1,3,3
2003-08-26,9,meyering:9,97,23,9,9
2003-08-27,19,meyering:19,197,32,21,19
2003-08-30,4,meyering:4,26,6,4,4
2003-08-31,7,meyering:7,57,28,7,7
2003-09-02,1,meyering:1,6,3,1,1
2003-09-03,7,meyering:7,31,14,8,7
2003-09-04,17,meyering:17,173,46,18,17
2003-09-05,15,meyering:15,20257,16945,68,15
2003-09-06,5,meyering:5,27,5,5,5
2003-09-07,19,meyering:19,120,35,19,19
2003-09-08,13,meyering:13,15989,15004,43,13
2003-09-09,5,meyering:5,15,66,5,5
2003-09-10,66,meyering:66,487,1330,122,66
2003-09-11,7,meyering:7,523,445,8,7
2003-09-12,38,meyering:38,124,129,38,38
2003-09-13,75,meyering:75,921,881,100,75
2003-09-14,4,meyering:4,17,4,4,4
2003-09-15,1,meyering:1,1,1,1,1
2003-09-17,5,meyering:5,43,14,5,5
2003-09-18,24,meyering:24,551,467,229,24
2003-09-19,7,meyering:7,57,6,8,7
2003-09-20,1,meyering:1,3,0,1,1
2003-09-22,12,meyering:12,533,362,12,12
2003-09-23,12,meyering:12,50,13,12,12
2003-09-24,2,meyering:2,157,124,2,2
2003-09-25,3,meyering:3,15,4,3,3
2003-09-26,4,meyering:4,24,6,5,4
2003-09-27,5,meyering:5,19,50,5,5
2003-09-28,18,meyering:18,139,71,20,18
2003-09-30,2,meyering:2,6,1,2,2
2003-10-01,2,meyering:2,90,42,2,2
2003-10-02,21,meyering:21,278,216,23,21
2003-10-03,4,meyering:4,30,16,4,4
2003-10-04,11,meyering:11,65,26,11,11
2003-10-05,8,meyering:8,50,122,10,8
2003-10-06,4,meyering:4,15,80,6,4
2003-10-07,4,meyering:4,204,283,56,4
2003-10-08,9,meyering:9,258,231,10,9
2003-10-09,2,meyering:2,54,50,2,2
2003-10-12,5,meyering:5,92,17,5,5
2003-10-13,16,meyering:16,247,2198,17,16
2003-10-14,12,meyering:12,307,136,14,12
2003-10-15,26,meyering:26,462,271,33,26
2003-10-16,17,meyering:17,77,55,18,17
2003-10-17,26,meyering:26,450,138,32,26
2003-10-18,19,meyering:19,480,293,127,19
2003-10-19,7,meyering:7,111,70,7,7
2003-10-20,1,meyering:1,5,3,1,1
2003-10-21,2,meyering:2,12,1,2,2
2003-10-25,13,meyering:13,238,214,16,13
2003-10-31,20,meyering:20,179,66,21,20
2003-11-01,3,meyering:3,47,18,3,3
2003-11-02,9,meyering:9,42,29,9,9
2003-11-03,6,meyering:6,258,200,8,6
2003-11-04,15,meyering:15,73,804,15,15
2003-11-05,20,meyering:20,170,69,54,20
2003-11-06,17,meyering:17,169,88,17,17
2003-11-07,1,meyering:1,2,1,1,1
2003-11-08,5,meyering:5,43,3,6,5
2003-11-09,22,meyering:22,529,243,73,22
2003-11-11,9,meyering:9,165,1048,12,9
2003-11-12,1,meyering:1,8,2,1,1
2003-11-13,3,meyering:3,7,12,3,3
2003-11-16,10,meyering:10,89,22,10,10
2003-11-17,5,meyering:5,52,18,5,5
2003-11-18,5,meyering:5,15,8,6,5
2003-11-19,3,meyering:3,13,5,4,3
2003-11-20,5,meyering:5,17,3,5,5
2003-11-21,3,meyering:3,17,4,4,3
2003-11-22,5,meyering:5,25,24,5,5
2003-11-24,7,meyering:7,9268,11522,58,7
2003-11-26,1,meyering:1,32,12,1,1
2003-11-27,21,meyering:21,390,295,72,21
2003-11-29,4,meyering:4,24,2,4,4
2003-12-02,17,meyering:17,596,559,17,17
2003-12-03,5,meyering:5,72,55,55,5
2003-12-08,11,meyering:11,309,170,11,11
2003-12-12,4,meyering:4,76,63,54,4
2003-12-18,14,meyering:14,344,435,66,14
2003-12-19,14,meyering:14,240,130,17,14
2003-12-20,31,meyering:31,40904,29736,116,31
2003-12-21,4,meyering:4,4,7,5,4
2003-12-22,1,meyering:1,1,1,1,1
2003-12-24,4,meyering:4,93,23,4,4
2003-12-27,5,meyering:5,141,108,6,5
2003-12-30,6,meyering:6,206,155,6,6
2004-01-04,13,meyering:13,69,48,13,13
2004-01-06,1,meyering:1,61,9,1,1
2004-01-08,4,meyering:4,15,5,4,4
2004-01-09,12,meyering:12,412,172,63,12
2004-01-10,4,meyering:4,12,4,4,4
2004-01-11,12,meyering:12,348,220,112,12
2004-01-12,29,meyering:29,3065,2351,91,29
2004-01-13,11,meyering:11,654,651,11,11
2004-01-15,8,meyering:8,8876,9175,39,8
2004-01-16,27,meyering:27,2399,564,27,27
2004-01-17,9,meyering:9,18,14,10,9
2004-01-18,2,meyering:2,2,2,2,2
2004-01-19,2,meyering:2,1,2,2,2
2004-01-20,9,meyering:9,198,13,11,9
2004-01-21,69,meyering:69,441,280,85,69
2004-01-22,27,meyering:27,237,123,28,27
2004-01-23,13,meyering:13,8727,8373,45,13
2004-01-24,3,meyering:3,8,4,4,3
2004-01-25,3,meyering:3,8,3,3,3
2004-01-27,7,meyering:7,55,33,7,7
2004-01-28,1,meyering:1,10,3,1,1
2004-01-29,5,meyering:5,98,14,5,5
2004-02-02,13,meyering:13,119,26,13,13
2004-02-03,3,meyering:3,12,1,3,3
2004-02-04,1,meyering:1,2,0,1,1
2004-02-05,13,meyering:13,105,44,13,13
2004-02-06,7,meyering:7,30,23,8,7
2004-02-07,17,meyering:17,71,62,18,17
2004-02-08,4,meyering:4,5253,4897,36,4
2004-02-09,1,meyering:1,1,1,1,1
2004-02-10,7,meyering:7,34,6,7,7
2004-02-11,9,meyering:9,121,98,33,9
2004-02-14,1,meyering:1,10,10,1,1
2004-02-15,2,meyering:2,6,2,2,2
2004-02-17,7,meyering:7,32,6,8,7
2004-02-18,4,meyering:4,310,239,35,4
2004-02-19,2,meyering:2,2,2,2,2
2004-02-21,5,meyering:5,73,15,5,5
2004-02-22,11,meyering:11,172,65,11,11
2004-02-23,2,meyering:2,6,2,2,2
2004-03-02,9,meyering:9,6943,136,62,9
2004-03-03,13,meyering:13,132,26,13,13
2004-03-04,12,meyering:12,89,61,13,12
2004-03-05,1,meyering:1,1,0,1,1
2004-03-06,4,meyering:4,20,4,5,4
2004-03-07,1,meyering:1,0,3,1,1
2004-03-08,7,meyering:7,12,10,7,7
2004-03-10,17,meyering:17,80,22,19,17
2004-03-11,3,meyering:3,69,58,53,3
2004-03-12,19,meyering:19,4032,3310,50,19
2004-03-13,5,meyering:5,22,8,5,5
2004-03-14,2,meyering:2,7,2,2,2
2004-03-15,15,meyering:15,93,5,15,15
2004-03-17,16,meyering:16,675,257,18,16
2004-03-18,1,meyering:1,5,4,1,1
2004-03-21,23,meyering:23,322,110,24,23
2004-03-22,13,meyering:13,228,58,16,13
2004-03-23,19,meyering:19,483,266,22,19
2004-03-24,20,meyering:20,155,119,21,20
2004-03-25,4,meyering:4,49,22,4,4
2004-03-27,6,meyering:6,41,24,7,6
2004-03-28,3,meyering:3,19,14,3,3
2004-03-29,12,meyering:12,111,24,12,12
2004-03-30,6,meyering:6,35,3,6,6
2004-03-31,15,meyering:15,1029,1091,98,15
2004-04-01,3,meyering:3,9,12,3,3
2004-04-02,3,meyering:3,5,2,3,3
2004-04-04,19,meyering:19,4371,3274,106,19
2004-04-06,3,meyering:3,11,1,3,3
2004-04-07,6,meyering:6,30,4,6,6
2004-04-08,26,meyering:26,467,86,77,26
2004-04-09,16,meyering:16,295,391,19,16
2004-04-12,17,meyering:17,956,487,68,17
2004-04-13,8,meyering:8,357,334,81,8
2004-04-14,15,meyering:15,830,1447,67,15
2004-04-15,8,meyering:8,98,51,8,8
2004-04-16,1,meyering:1,5,0,1,1
2004-04-17,12,meyering:12,31,17,12,12
2004-04-18,8,meyering:8,39,24,8,8
2004-04-19,17,meyering:17,395,85,66,17
2004-04-20,32,meyering:32,130,120,35,32
2004-04-21,7,meyering:7,192,103,7,7
2004-04-23,5,meyering:5,12,5,5,5
2004-04-24,5,meyering:5,211,70,7,5
2004-04-26,10,meyering:10,253,167,60,10
2004-04-27,20,meyering:20,157,85,21,20
2004-04-28,1,meyering:1,1,1,1,1
2004-04-29,1,meyering:1,1,1,1,1
2004-05-01,17,meyering:17,152,528,21,17
2004-05-03,8,meyering:8,147,125,8,8
2004-05-04,3,meyering:3,104,104,3,3
2004-05-06,10,meyering:10,25,10,10,10
2004-05-07,2,meyering:2,7,6,2,2
2004-05-08,5,meyering:5,82,16,5,5
2004-05-09,8,meyering:8,22,5,9,8
2004-05-10,9,meyering:9,48,19127,18,9
2004-05-11,11,meyering:11,77,9,11,11
2004-05-12,2,meyering:2,18,14,2,2
2004-05-13,8,meyering:8,42,25,8,8
2004-05-14,10,meyering:10,57,27,15,10
2004-05-15,2,meyering:2,4,0,2,2
2004-05-16,7,meyering:7,272,123,7,7
2004-05-17,19,meyering:19,157,101,23,19
2004-05-18,2,meyering:2,12,3,2,2
2004-05-20,8,meyering:8,94,104,8,8
2004-05-21,14,meyering:14,102,67,15,14
2004-05-22,2,meyering:2,7,3,2,2
2004-05-28,8,meyering:8,24,12,8,8
2004-05-29,21,meyering:21,612,345,71,21
2004-05-30,4,meyering:4,26,8,4,4
2004-05-31,13,meyering:13,549,442,35,13
2004-06-01,34,meyering:34,35305,27963,117,34
2004-06-02,15,meyering:15,197,112,17,15
2004-06-03,3,meyering:3,162,28,3,3
2004-06-04,2,meyering:2,9,2,2,2
2004-06-06,7,meyering:7,22,45,7,7
2004-06-07,6,meyering:6,65,5,6,6
2004-06-08,25,meyering:25,1020,859,125,25
2004-06-09,11,meyering:11,178,89,11,11
2004-06-12,4,meyering:4,21,8,4,4
2004-06-13,2,meyering:2,23,12,2,2
2004-06-14,8,meyering:8,81,2,8,8
2004-06-15,9,meyering:9,61,52,9,9
2004-06-17,11,meyering:11,104,28,16,11
2004-06-19,10,meyering:10,56,211,12,10
2004-06-20,17,meyering:17,124,29,19,17
2004-06-21,14,meyering:14,318,146,67,14
2004-06-22,10,meyering:10,155,75,10,10
2004-06-23,5,meyering:5,214,190,98,5
2004-06-24,2,meyering:2,5,1,2,2
2004-06-25,6,meyering:6,34,21,6,6
2004-06-26,8,meyering:8,6710,6,8,8
2004-06-27,4,meyering:4,37,9,4,4
2004-06-28,10,meyering:10,306,296,10,10
2004-06-29,6,meyering:6,102,28,6,6
2004-06-30,39,meyering:39,535,287,56,39
2004-07-02,14,meyering:14,461,311,17,14
2004-07-04,12,meyering:12,90,83,12,12
2004-07-05,2,meyering:2,7,3,2,2
2004-07-06,20,meyering:20,1231,159,27,20
2004-07-07,5,meyering:5,27,8,5,5
2004-07-08,5,meyering:5,239,98,5,5
2004-07-12,14,cs:14,662,545,66,14
2004-07-13,1,cs:1,29,0,3,1
2004-07-22,5,cs:5,29,8,6,5
2004-07-23,9,cs:9,597,403,62,9
2004-07-24,4,cs:4,32,18,4,4
2004-07-25,10,cs:10,196,172,13,10
2004-07-26,6,cs:6,116,82,7,6
2004-07-27,11,cs:11,297,256,12,11
2004-07-28,41,cs:41,1007,763,147,41
2004-07-29,5,cs:5,109,99,5,5
2004-07-30,33,cs:33,920,869,34,33
2004-08-01,3,cs:3,12,3,3,3
2004-08-02,83,cs:83,1587,1397,169,83
2004-08-03,49,cs:49,2592,2302,49,49
2004-08-04,19,cs:19,266,68,24,19
2004-08-05,3,cs:3,965,515,91,3
2004-08-07,1,cs:1,96,13,11,1
2004-08-08,2,cs:2,10,1,2,2
2004-08-09,14,cs:14,261,194,77,14
2004-08-10,14,cs:14,279,179,38,14
2004-08-11,19,cs:19,196,68,72,19
2004-08-18,4,cs:4,64,15,4,4
2004-08-19,11,cs:11,260,158,13,11
2004-08-20,4,cs:4,180,77,62,4
2004-08-24,5,cs:5,345,249,7,5
2004-09-02,4,cs:4,45,28,5,4
2004-09-03,9,cs:9,185,184,9,9
2004-09-05,5,cs:5,71,135,5,5
2004-09-06,8,cs:8,199,146,9,8
2004-09-07,6,cs:6,45,8,6,6
2004-09-08,5,cs:5,26,14,6,5
2004-09-09,19,cs:19,156,80,19,19
2004-09-10,4,cs:4,93,124,4,4
2004-09-13,15,cs:15,113,92,18,15
2004-09-19,15,cs:15,204,210,16,15
2004-09-20,2,cs:2,4,1,2,2
2004-09-21,22,cs:22,287,429,78,22
2004-09-22,28,cs:2|meyering:26,227,123,77,28
2004-09-23,8,cs:8,94,68,9,8
2004-09-24,20,cs:12|meyering:8,451,298,20,20
2004-09-26,8,cs:8,162,75,9,8
2004-09-27,3,meyering:3,3,2,4,3
2004-09-28,4,cs:2|meyering:2,17,5,4,4
2004-10-04,5,cs:5,989,625,91,5
2004-10-05,10,cs:7|meyering:3,100,124,19,10
2004-10-11,4,meyering:1|cs:3,77,11,4,4
2004-10-12,6,meyering:6,17,4,6,6
2004-10-13,6,meyering:2|cs:4,34,7,6,6
2004-10-14,2,meyering:2,5,0,2,2
2004-10-15,4,cs:4,33,23,4,4
2004-10-18,18,cs:7|meyering:11,358,242,26,18
2004-10-20,4,cs:4,13,3,4,4
2004-10-21,10,meyering:10,120,10,12,10
2004-10-24,2,cs:2,6,1,2,2
2004-10-25,2,cs:2,5,0,2,2
2004-10-28,2,cs:2,10,1,2,2
2004-10-29,10,meyering:7|cs:3,704,442,20,10
2004-10-30,2,cs:2,13,1,2,2
2004-11-03,23,cs:16|meyering:7,413,145,85,23
2004-11-04,1,cs:1,1059,979,52,1
2004-11-05,2,cs:2,78,58,2,2
2004-11-06,12,meyering:10|cs:2,248,354,65,12
2004-11-07,2,meyering:2,6,6,2,2
2004-11-09,3,meyering:2|cs:1,62,30,4,3
2004-11-10,1,meyering:1,2,1,2,1
2004-11-11,3,cs:2|meyering:1,101,40,12,3
2004-11-12,5,cs:5,165,115,13,5
2004-11-13,6,cs:6,128,65,6,6
2004-11-14,19,meyering:19,419,122,71,19
2004-11-15,5,cs:5,96,22,6,5
2004-11-16,20,cs:20,298,132,23,20
2004-11-17,17,cs:17,261,119,49,17
2004-11-18,2,meyering:2,8,2,2,2
2004-11-19,7,meyering:7,45,26,7,7
2004-11-20,4,cs:4,27,5,4,4
2004-11-21,3,cs:2|meyering:1,11,8,3,3
2004-11-22,2,meyering:2,12,0,2,2
2004-11-23,13,meyering:5|cs:8,279,110,19,13
2004-11-24,2,meyering:2,49,36,2,2
2004-11-25,21,meyering:8|cs:13,732,219,22,21
2004-11-26,9,cs:9,1999,1994,60,9
2004-11-27,2,cs:2,11,3,2,2
2004-11-28,23,meyering:23,2353,1740,75,23
2004-11-30,27,meyering:18|cs:9,1389,1355,79,27
2004-12-01,6,cs:6,95,28,6,6
2004-12-02,16,cs:14|meyering:2,206,183,18,16
2004-12-03,8,cs:8,130,62,12,8
2004-12-04,10,cs:2|meyering:8,141,80,10,10
2004-12-05,18,meyering:18,122,35,18,18
2004-12-06,19,meyering:18|cs:1,142,98,24,19
2004-12-07,4,cs:4,14,4,4,4
2004-12-08,9,cs:9,83,27,10,9
2004-12-09,5,cs:5,91,37,6,5
2004-12-10,2,meyering:2,22,3,2,2
2004-12-11,9,cs:2|meyering:7,178,23,9,9
2004-12-12,2,cs:2,9,0,2,2
2004-12-14,21,cs:3|meyering:18,8842,100,21,21
2004-12-15,5,meyering:3|cs:2,49,7,5,5
2004-12-17,7,cs:3|meyering:4,44,16,8,7
2004-12-19,5,cs:5,34,9,5,5
2004-12-20,15,cs:8|meyering:7,124,70,66,15
2004-12-21,12,meyering:12,53,27,12,12
2004-12-24,4,cs:4,17,9,4,4
2004-12-31,2,meyering:2,12,1,2,2
2005-01-02,2,meyering:2,6,2,2,2
2005-01-03,18,cs:7|meyering:11,274,147,73,18
2005-01-04,18,meyering:17|cs:1,25748,16843,21,18
2005-01-05,12,meyering:12,51,6,12,12
2005-01-06,4,meyering:4,12,3,4,4
2005-01-07,9,meyering:9,17,9,9,9
2005-01-08,12,meyering:12,70305,55456,46,12
2005-01-09,1,meyering:1,1,1,1,1
2005-01-10,7,cs:7,167,42,7,7
2005-01-11,12,meyering:12,57,14,13,12
2005-01-12,8,meyering:8,25,15,9,8
2005-01-13,6,meyering:6,63,11,6,6
2005-01-14,12,meyering:12,107,40,13,12
2005-01-15,8,meyering:8,35,14,8,8
2005-01-17,1,cs:1,34,20,6,1
2005-01-19,13,meyering:13,291,179,13,13
2005-01-20,5,cs:4|meyering:1,32,62,6,5
2005-01-21,6,cs:5|meyering:1,45,12,6,6
2005-01-22,4,cs:3|meyering:1,214,267,51,4
2005-01-23,3,cs:1|meyering:2,705,809,143,3
2005-01-24,7,meyering:7,36,9,7,7
2005-01-25,7,cs:2|meyering:5,75,14,8,7
2005-01-27,2,meyering:2,15,1,2,2
2005-01-29,8,meyering:8,1208,967,119,8
2005-01-30,13,meyering:13,67,33,13,13
2005-01-31,1,meyering:1,5,5,1,1
2005-02-01,3,cs:3,40,24,3,3
2005-02-02,6,meyering:6,21,6,6,6
2005-02-03,9,cs:9,61,19,9,9
2005-02-06,4,meyering:4,13,4,4,4
2005-02-07,7,meyering:7,69,20,7,7
2005-02-08,13,meyering:6|cs:7,98,40,13,13
2005-02-09,5,meyering:5,2598,2529,56,5
2005-02-11,3,meyering:3,27,7,4,3
2005-02-13,1,meyering:1,290,448,51,1
2005-02-14,3,cs:3,34,14,3,3
2005-02-15,11,meyering:11,35,2,11,11
2005-02-17,1,meyering:1,1,1,1,1
2005-02-20,8,meyering:8,245,96,9,8
2005-02-21,20,cs:20,1398,1083,76,20
2005-02-22,11,cs:7|meyering:4,464,230,63,11
2005-02-23,2,meyering:2,7,2,2,2
2005-02-24,4,cs:4,206,103,4,4
2005-02-26,4,cs:4,446,226,73,4
2005-02-28,4,meyering:4,22,2,4,4
2005-03-01,9,meyering:4|cs:5,23,118,57,9
2005-03-04,1,cs:1,10,0,1,1
2005-03-06,12,meyering:12,182,136,23,12
2005-03-08,4,cs:4,176,123,4,4
2005-03-09,42,meyering:24|cs:18,1583,1444,93,42
2005-03-10,12,meyering:12,57,18,12,12
2005-03-11,9,meyering:4|cs:5,100,60,9,9
2005-03-12,5,meyering:5,83,49,6,5
2005-03-14,3,cs:3,16,2,4,3
2005-03-15,9,cs:2|meyering:7,122,51,12,9
2005-03-16,2,cs:2,13,5,2,2
2005-03-17,18,meyering:18,118,45,18,18
2005-03-18,3,meyering:3,7,5,3,3
2005-03-19,13,cs:10|meyering:3,354,257,64,13
2005-03-20,5,meyering:5,9,4,5,5
2005-03-21,13,cs:12|meyering:1,282,181,82,13
2005-03-22,12,meyering:12,12573,12530,80,12
2005-03-23,2,meyering:2,5,2,2,2
2005-03-25,5,meyering:5,24,16,7,5
2005-03-26,13,cs:11|meyering:2,95,87,16,13
2005-03-27,5,meyering:5,48,43,5,5
2005-03-28,42,meyering:42,237,168,43,42
2005-03-29,10,meyering:10,38,35,10,10
2005-03-30,14,cs:14,148,103,14,14
2005-04-01,9,meyering:9,37,25,10,9
2005-04-03,2,meyering:2,8,2,2,2
2005-04-04,14,cs:2|meyering:12,91,40,25,14
2005-04-05,18,meyering:12|cs:6,8552,20,28,18
2005-04-06,3,meyering:3,5,7811,3,3
2005-04-07,8,meyering:8,32,20,8,8
2005-04-09,34,cs:14|meyering:20,498,267,37,34
2005-04-10,2,meyering:2,10,1,2,2
2005-04-11,39,cs:39,1051,1038,92,39
2005-04-12,14,cs:11|meyering:3,121,71,14,14
2005-04-13,2,cs:2,28,14,2,2
2005-04-14,5,meyering:2|cs:3,28,21,5,5
2005-04-16,2,meyering:2,7,5,2,2
2005-04-18,20,cs:18|meyering:2,259,202,23,20
2005-04-19,6,cs:6,22,6,6,6
2005-04-20,5,cs:5,506,501,29,5
2005-04-21,5,cs:5,23,21,5,5
2005-04-22,6,cs:6,31,17,6,6
2005-04-23,4,cs:4,18,18,4,4
2005-04-24,1,cs:1,17,9,2,1
2005-04-26,17,cs:17,480,372,17,17
2005-04-28,12,cs:12,341,448,21,12
2005-04-29,21,cs:21,112,156,23,21
2005-04-30,3,cs:3,1115,976,58,3
2005-05-01,5,cs:5,76,61,9,5
2005-05-02,5,cs:5,94,37,16,5
2005-05-04,8,cs:8,116,30,9,8
2005-05-05,2,cs:2,17,4,2,2
2005-05-06,8,cs:7|meyering:1,52,6,8,8
2005-05-08,4,cs:2|meyering:2,4852,4838,16,4
2005-05-09,4,cs:4,81,80,5,4
2005-05-10,20,meyering:18|cs:2,7965,19,20,20
2005-05-11,3,cs:3,9,3,3,3
2005-05-12,9,meyering:5|cs:4,63,51,14,9
2005-05-13,9,meyering:8|cs:1,1566,1654,63,9
2005-05-14,28,meyering:21|cs:7,2648,2568,660,28
2005-05-15,3,cs:3,265,235,10,3
2005-05-16,4,meyering:2|cs:2,26,12,4,4
2005-05-18,16,cs:15|meyering:1,270,187,71,16
2005-05-19,6,meyering:6,25,4,6,6
2005-05-20,14,meyering:2|cs:12,342,188,15,14
2005-05-21,2,meyering:2,4,1,2,2
2005-05-22,1,cs:1,7,1,2,1
2005-05-26,8,meyering:6|cs:2,47,13,11,8
2005-05-27,11,cs:11,515,481,15,11
2005-05-28,7,cs:7,57,31,7,7
2005-05-30,16,cs:15|meyering:1,816,849,70,16
2005-05-31,9,cs:7|meyering:2,115,37,10,9
2005-06-02,31,cs:27|meyering:4,4223,4078,141,31
2005-06-03,1,cs:1,1,1,1,1
2005-06-07,2,meyering:2,25,6,2,2
2005-06-09,1,meyering:1,1,1,1,1
2005-06-10,6,meyering:2|cs:4,47,16,6,6
2005-06-12,2,meyering:2,6,1,2,2
2005-06-13,8,meyering:8,107,12,9,8
2005-06-14,34,meyering:25|cs:9,361,315,37,34
2005-06-15,11,cs:2|meyering:9,66,19,12,11
2005-06-16,20,meyering:19|cs:1,136,143,34,20
2005-06-17,6,meyering:6,48,17,6,6
2005-06-18,2,meyering:2,6,2,2,2
2005-06-19,16,meyering:16,57,106,17,16
2005-06-20,1,meyering:1,272,269,52,1
2005-06-21,4,meyering:4,35,7,4,4
2005-06-22,15,cs:9|meyering:6,115,27,17,15
2005-06-23,31,meyering:27|cs:4,710,326,32,31
2005-06-24,5,meyering:4|cs:1,37,15,8,5
2005-06-25,16,meyering:16,52,4,16,16
2005-06-26,3,meyering:3,20,1,4,3
2005-06-27,2,meyering:2,2693,2587,53,2
2005-06-28,7,meyering:7,18,10,8,7
2005-06-29,18,meyering:18,65,23,19,18
2005-06-30,19,meyering:19,1022,826,72,19
2005-07-01,14,cs:1|meyering:13,114,139,39,14
2005-07-02,12,meyering:12,203,261,108,12
2005-07-03,67,cs:39|meyering:28,3558,3072,187,67
2005-07-04,18,cs:4|meyering:14,129,61,19,18
2005-07-05,11,cs:10|meyering:1,99,78,18,11
2005-07-06,1,meyering:1,1,1,1,1
2005-07-07,1,meyering:1,256,260,53,1
2005-07-08,16,cs:16,11105,8425,80,16
2005-07-09,9,cs:9,32,42,17,9
2005-07-11,25,cs:25,268,315,26,25
2005-07-12,6,meyering:6,80,65,57,6
2005-07-14,1,cs:1,16,14,4,1
2005-07-15,4,cs:4,23,18,5,4
2005-07-18,6,cs:6,47,24,6,6
2005-07-19,6,cs:4|meyering:2,33,27,7,6
2005-07-21,3,cs:3,124,65,4,3
2005-07-25,2,cs:2,65,66,2,2
2005-08-02,12,meyering:12,1252,1263,65,12
2005-08-12,34,meyering:34,181,93,40,34
2005-08-13,29,meyering:29,535,1094,36,29
2005-08-14,14,meyering:14,72,30,16,14
2005-08-15,8,meyering:8,116,90,9,8
2005-08-16,2,cs:2,21,8,2,2
2005-08-17,10,meyering:10,229,214,10,10
2005-08-18,2,meyering:2,9,3,2,2
2005-08-19,3,meyering:2|cs:1,17,5,3,3
2005-08-21,4,meyering:4,10,4,4,4
2005-08-22,3,meyering:3,22,11,3,3
2005-08-23,20,meyering:20,525,798,29,20
2005-08-24,3,meyering:3,33,31,3,3
2005-08-25,2,meyering:2,10,0,2,2
2005-08-27,11,meyering:11,133,28,16,11
2005-08-28,1,meyering:1,4,0,2,1
2005-08-29,2,cs:2,42,1,3,2
2005-08-31,4,meyering:4,16,3,4,4
2005-09-01,4,meyering:3|cs:1,11,3,4,4
2005-09-04,2,meyering:2,456,52,51,2
2005-09-05,9,meyering:9,94,10,9,9
2005-09-06,2,cs:2,7,11,2,2
2005-09-07,2,meyering:2,6,2,2,2
2005-09-08,1,cs:1,62,47,4,1
2005-09-09,15,meyering:2|cs:13,2126,2049,75,15
2005-09-10,9,cs:1|meyering:8,451,18,59,9
2005-09-11,3,meyering:3,10,3,3,3
2005-09-13,31,meyering:15|cs:16,600,306,37,31
2005-09-14,10,cs:4|meyering:6,48,14,10,10
2005-09-15,4,cs:4,45,22,7,4
2005-09-16,37,meyering:24|cs:13,1023,1011,101,37
2005-09-17,5,cs:3|meyering:2,13,52,5,5
2005-09-19,7,meyering:7,62,5,7,7
2005-09-20,5,meyering:5,25,6,5,5
2005-09-21,4,meyering:4,52,4,8,4
2005-09-22,23,cs:21|meyering:2,3923,1797,326,23
2005-09-23,34,cs:17|meyering:17,595,346,90,34
2005-09-24,27,meyering:19|cs:8,176,41,34,27
2005-09-25,22,cs:13|meyering:9,216,73,23,22
2005-09-26,15,meyering:10|cs:5,140,14,17,15
2005-09-27,9,meyering:9,32,7,9,9
2005-09-28,11,meyering:9|cs:2,72233,63098,48,11
2005-09-29,19,meyering:12|cs:7,21278,28097,20,19
2005-09-30,8,cs:3|meyering:5,39,11,11,8
2005-10-01,15,meyering:15,166,45,18,15
2005-10-02,10,meyering:9|cs:1,53,17,12,10
2005-10-03,4,meyering:4,11,6,4,4
2005-10-04,2,meyering:2,11,6,2,2
2005-10-05,7,meyering:7,21,11,7,7
2005-10-06,6,meyering:3|cs:3,28,8,7,6
2005-10-07,9,cs:4|meyering:5,47,4,10,9
2005-10-08,2,meyering:2,6,5,2,2
2005-10-13,9,meyering:8|cs:1,59,32,10,9
2005-10-15,14,meyering:14,91,38,15,14
2005-10-16,16,meyering:16,12983,12779,52,16
2005-10-17,3,meyering:3,15,2,4,3
2005-10-18,2,meyering:2,11,1,2,2
2005-10-19,5,meyering:5,22,3,5,5
2005-10-20,7,meyering:7,56,4,8,7
2005-10-22,7,meyering:7,1286,1650,44,7
2005-10-23,33,meyering:33,2289,178,92,33
2005-10-24,26,meyering:26,240,84,28,26
2005-10-25,5,meyering:5,23,0,5,5
2005-10-26,1,meyering:1,4,1,1,1
2005-10-27,3,meyering:3,18,2,3,3
2005-10-28,3,cs:3,32,10,4,3
2005-10-30,9,cs:9,99,63,10,9
2005-10-31,2,cs:2,7,2,2,2
2005-11-01,12,cs:12,85,31,16,12
2005-11-02,18,meyering:12|cs:6,147,41,20,18
2005-11-04,14,meyering:14,118,9,15,14
2005-11-05,2,meyering:2,21,40,2,2
2005-11-07,4,meyering:4,13,7,4,4
2005-11-08,8,meyering:4|cs:4,69,26,9,8
2005-11-09,1,meyering:1,11,1,1,1
2005-11-10,7,cs:5|meyering:2,35,26,7,7
2005-11-11,3,meyering:3,13,1,3,3
2005-11-12,9,meyering:9,101,21,11,9
2005-11-13,14,meyering:14,99,11,15,14
2005-11-14,6,meyering:6,23,8,6,6
2005-11-15,4,meyering:3|cs:1,14,12,5,4
2005-11-16,8,meyering:3|cs:5,89,45,10,8
2005-11-17,20,meyering:20,183,19,21,20
2005-11-18,7,cs:6|meyering:1,315,5,9,7
2005-11-19,1,meyering:1,6,6,3,1
2005-11-20,10,meyering:10,225,49,11,10
2005-11-21,1,meyering:1,1,0,1,1
2005-11-22,21,meyering:21,661,334,71,21
2005-11-23,4,cs:1|meyering:3,12,7,4,4
2005-11-24,12,cs:6|meyering:6,241,109,12,12
2005-11-26,13,cs:13,168,58,16,13
2005-11-30,12,meyering:12,203,66,14,12
2005-12-02,7,cs:6|meyering:1,173,74,19,7
2005-12-03,8,meyering:8,75,104,62,8
2005-12-04,7,meyering:7,111,66,7,7
2005-12-05,1,cs:1,2,1,1,1
2005-12-06,3,meyering:3,10,1,3,3
2005-12-07,15,meyering:8|cs:7,615,8,18,15
2005-12-08,1,meyering:1,1,0,1,1
2005-12-09,7,meyering:6|cs:1,34,7,8,7
2005-12-10,28,cs:7|meyering:21,763,438,29,28
2005-12-12,14,cs:14,271,308,14,14
2005-12-13,3,cs:3,37,10,6,3
2005-12-14,17,cs:13|meyering:4,132,28,19,17
2005-12-15,17,cs:5|meyering:12,586,237,68,17
2005-12-17,26,cs:4|meyering:22,931,407,78,26
2005-12-19,10,meyering:10,249,12,11,10
2005-12-20,6,meyering:6,18,10,6,6
2005-12-21,6,meyering:6,245,51,58,6
2005-12-22,5,meyering:5,19,6,5,5
2005-12-23,10,meyering:10,90,32,10,10
2005-12-25,7,meyering:2|cs:5,82,60,7,7
2005-12-26,2,meyering:2,14,5,2,2
2005-12-27,10,cs:10,134,94,11,10
2005-12-28,5,meyering:5,29,19,11,5
2005-12-29,3,meyering:1|cs:2,17,2,3,3
2006-01-02,22,cs:16|meyering:6,220,317,28,22
2006-01-03,15,cs:8|meyering:7,192,101,18,15
2006-01-04,11,meyering:10|cs:1,11793,11757,63,11
2006-01-05,6,meyering:6,33,23,6,6
2006-01-06,6,meyering:6,53,8,6,6
2006-01-07,4,cs:4,54,2,4,4
2006-01-08,2,meyering:2,9,3,2,2
2006-01-09,1,meyering:1,2,2,1,1
2006-01-10,14,meyering:10|cs:4,509,348,40,14
2006-01-11,26,cs:3|meyering:23,346,44,28,26
2006-01-12,26,cs:12|meyering:14,1030,438,80,26
2006-01-13,6,meyering:6,26,4,6,6
2006-01-17,14,cs:1|meyering:13,347,121,16,14
2006-01-18,2,meyering:2,6,1,2,2
2006-01-19,2,meyering:2,23,1,2,2
2006-01-21,5,cs:2|meyering:3,24,10,5,5
2006-01-22,2,cs:1|meyering:1,14,3,3,2
2006-01-23,3,meyering:3,6,2,3,3
2006-01-24,13,cs:2|meyering:11,173,119,19,13
2006-01-25,10,meyering:7|cs:3,76,38,11,10
2006-01-26,1,cs:1,33,26,4,1
2006-01-27,1,cs:1,120,113,3,1
2006-01-30,2,meyering:2,7,2,2,2
2006-01-31,6,cs:4|meyering:2,68,18,9,6
2006-02-01,2,meyering:2,6,5,2,2
2006-02-02,4,cs:2|meyering:2,48,26,6,4
2006-02-03,3,meyering:3,21,15,3,3
2006-02-04,8,meyering:8,85,28,8,8
2006-02-06,14,cs:1|meyering:13,74,18,19,14
2006-02-07,6,meyering:6,22,7,6,6
2006-02-08,3,cs:1|meyering:2,22,18,4,3
2006-02-10,2,meyering:2,10,2,2,2
2006-02-11,30,cs:4|meyering:26,315,122,32,30
2006-02-12,6,meyering:6,33,8,6,6
2006-02-13,3,meyering:2|cs:1,16,9,3,3
2006-02-14,5,meyering:4|cs:1,208,85,14,5
2006-02-15,2,meyering:2,10,1,2,2
2006-02-16,5,meyering:4|cs:1,81,25,9,5
2006-02-18,5,meyering:5,28,10,6,5
2006-02-20,13,meyering:13,746,277,65,13
2006-02-21,4,cs:4,49,5,6,4
2006-02-23,2,meyering:2,10,37,2,2
2006-02-24,3,meyering:3,21,6,4,3
2006-02-26,4,meyering:4,58,32,4,4
2006-02-27,28,meyering:28,1042,56,32,28
2006-03-02,2,cs:2,29,11,6,2
2006-03-03,3,meyering:3,13,3,3,3
2006-03-05,6,meyering:6,31,16,6,6
2006-03-06,7,cs:5|meyering:2,92,14,27,7
2006-03-08,5,cs:5,89,14,6,5
2006-03-10,4,meyering:4,30,3,5,4
2006-03-11,2,meyering:2,7,2,2,2
2006-03-12,29,cs:6|meyering:23,48306,28266,112,29
2006-03-15,2,meyering:2,5,7,2,2
2006-03-16,1,meyering:1,1997,3169,2,1
2006-03-17,7,cs:3|meyering:4,1451,1064,8,7
2006-03-19,3,meyering:3,85,51,3,3
2006-03-22,1,meyering:1,7,8,1,1
2006-03-23,6,cs:6,87,34,7,6
2006-03-25,3,meyering:1|cs:2,4999,4882,6,3
2006-03-26,37,meyering:37,3698,2428,88,37
2006-03-27,6,meyering:6,722,1220,7,6
2006-03-28,5,meyering:5,21,32,5,5
2006-03-30,2,meyering:2,7,2,3,2
2006-04-09,2,cs:2,6,1,2,2
2006-04-10,2,cs:1|meyering:1,1359,1133,10,2
2006-04-11,7,cs:7,116,86,7,7
2006-04-12,20,cs:20,295,142,27,20
2006-04-13,4,cs:4,58,5,5,4
2006-04-14,7,meyering:7,42,47,7,7
2006-04-15,1,cs:1,34,23,2,1
2006-04-17,16,cs:10|meyering:6,203,106,20,16
2006-04-18,2,meyering:2,37,4,2,2
2006-04-19,2,cs:2,18,13,2,2
2006-04-23,5,meyering:5,234,112,5,5
2006-04-24,3,cs:3,81,50,13,3
2006-04-25,2,cs:2,20,2,4,2
2006-05-03,8,meyering:7|cs:1,99,55,9,8
2006-05-04,6,meyering:6,24,3,6,6
2006-05-05,1,meyering:1,197,22,3,1
2006-05-06,16,meyering:16,4029,5027,66,16
2006-05-07,6,meyering:6,27,16,6,6
2006-05-08,1,meyering:1,6,5,1,1
2006-05-10,1,meyering:1,1,0,1,1
2006-05-11,17,meyering:17,137,15,18,17
2006-05-12,1,meyering:1,32,30,2,1
2006-05-13,3,meyering:3,17,3,3,3
2006-05-15,9,cs:1|meyering:8,196,63,12,9
2006-05-16,1,meyering:1,2,0,1,1
2006-05-19,5,meyering:4|cs:1,101,37,8,5
2006-05-20,6,meyering:6,24,8,6,6
2006-05-21,1,meyering:1,3,0,1,1
2006-05-22,2,cs:2,117,45,4,2
2006-05-23,4,cs:4,8,4,4,4
2006-05-24,2,meyering:2,7,2,2,2
2006-05-25,3,cs:3,31,23,7,3
2006-05-27,12,meyering:12,57,14,12,12
2006-05-28,7,meyering:6|cs:1,32,5,9,7
2006-05-29,1,meyering:1,188,81,7,1
2006-05-30,2,meyering:2,7,2,2,2
2006-06-01,4,cs:4,36,9,4,4
2006-06-03,6,meyering:6,65,2,6,6
2006-06-05,5,cs:5,53,18,11,5
2006-06-07,4,cs:4,49,8,4,4
2006-06-08,2,cs:1|meyering:1,97,11,7,2
2006-06-10,5,meyering:5,75,11,8,5
2006-06-11,5,cs:2|meyering:3,184,6,12,5
2006-06-12,2,cs:1|meyering:1,13,2,4,2
2006-06-14,1,meyering:1,42,33,2,1
2006-06-15,1,cs:1,6,1,2,1
2006-06-16,3,meyering:3,0,37,6,3
2006-06-17,1,meyering:1,15,1,2,1
2006-06-18,7,meyering:7,176,15,12,7
2006-06-19,3,cs:1|meyering:2,20,6,4,3
2006-06-20,3,cs:2|meyering:1,28,7,5,3
2006-06-22,1,meyering:1,9,4,2,1
2006-06-24,1,meyering:1,6,8,2,1
2006-06-25,4,meyering:4,270,14,10,4
2006-06-26,6,meyering:6,96,29,13,6
2006-06-27,3,meyering:3,17,4,5,3
2006-06-28,15,meyering:2|cs:13,117,74,25,15
2006-06-29,1,meyering:1,19,63,4,1
2006-06-30,1,meyering:1,10,1,2,1
2006-07-01,19,cs:16|meyering:3,336,282,27,19
2006-07-02,6,cs:4|meyering:2,852,289,15,6
2006-07-03,9,meyering:9,128,84,60,9
2006-07-04,9,cs:5|meyering:4,719,263,37,9
2006-07-05,5,meyering:5,38,26,9,5
2006-07-07,1,meyering:1,7,1,2,1
2006-07-08,12,meyering:12,116,30,23,12
2006-07-09,25,meyering:6|cs:19,18164,10666,150,25
2006-07-10,1,cs:1,6,2,2,1
2006-07-11,3,cs:3,80,98,19,3
2006-07-14,3,meyering:2|cs:1,209,15,9,3
2006-07-16,1,meyering:1,14,4,2,1
2006-07-17,25,cs:25,8991,8846,82,25
2006-07-19,6,meyering:6,21,9,7,6
2006-07-20,9,meyering:9,56,10,10,9
2006-07-21,6,meyering:6,80,31,11,6
2006-07-22,6,cs:6,144,48,10,6
2006-07-23,2,cs:2,87,65,5,2
2006-07-24,1,meyering:1,9,5,2,1
2006-07-25,17,meyering:14|cs:3,268,86,35,17
2006-07-26,6,meyering:6,207,137,14,6
2006-07-27,1,meyering:1,8,2,3,1
2006-07-28,8,cs:8,89,33,10,8
2006-07-29,1,cs:1,9,2,2,1
2006-08-08,20,cs:20,2233,557,41,20
2006-08-09,18,meyering:4|cs:14,86417,48838,257,18
2006-08-10,18,meyering:3|cs:15,1674,580,37,18
2006-08-11,6,meyering:1|cs:5,69,28,11,6
2006-08-13,1,meyering:1,9,3,2,1
2006-08-14,1,cs:1,42,28,2,1
2006-08-15,16,meyering:13|cs:3,12294,6217,128,16
2006-08-16,14,meyering:9|cs:5,156,52,28,14
2006-08-17,9,meyering:7|cs:2,6857,435,376,9
2006-08-18,5,meyering:3|cs:2,131,34,13,5
2006-08-19,18,meyering:17|cs:1,11825,10824,135,18
2006-08-20,3,meyering:2|cs:1,18,4,6,3
2006-08-21,6,cs:3|meyering:3,892,524587,714,6
2006-08-22,11,cs:8|meyering:3,909,67268,92,11
2006-08-23,9,meyering:1|cs:8,239,128,22,9
2006-08-24,1,meyering:1,5,1,2,1
2006-08-25,3,cs:3,88,54,10,3
2006-08-26,9,meyering:7|cs:2,326,162,52,9
2006-08-27,9,cs:3|meyering:6,112,15,20,9
2006-08-28,3,cs:3,35,120,13,3
2006-08-29,4,cs:4,74,34,11,4
2006-09-01,3,cs:3,118,65,9,3
2006-09-03,13,cs:10|meyering:3,283,109,34,13
2006-09-04,2,meyering:2,6,2,3,2
2006-09-05,2,meyering:2,17,1,5,2
2006-09-06,1,meyering:1,20,0,2,1
2006-09-07,2,meyering:2,26,31,4,2
2006-09-08,8,meyering:7|cs:1,144,33,24,8
2006-09-09,5,meyering:5,26,11,8,5
2006-09-11,3,cs:1|meyering:2,39,11,6,3
2006-09-12,2,meyering:1|cs:1,14,6,4,2
2006-09-14,1,meyering:1,10,4,2,1
2006-09-15,1,meyering:1,8,1,2,1
2006-09-16,2,meyering:1|cs:1,150,56,9,2
2006-09-17,3,meyering:3,102,94,7,3
2006-09-18,12,meyering:6|cs:6,232,73,24,12
2006-09-19,4,cs:4,26,11,7,4
2006-09-20,7,meyering:5|cs:2,321,138,21,7
2006-09-23,3,meyering:3,38,11,6,3
2006-09-24,7,meyering:7,119,6,15,7
2006-09-25,3,meyering:3,15,54,6,3
2006-09-26,8,cs:2|meyering:6,124,52,20,8
2006-09-28,8,meyering:7|cs:1,194,11,16,8
2006-09-29,6,meyering:6,143,164,20,6
2006-09-30,5,cs:2|meyering:3,55,30,10,5
2006-10-02,2,meyering:2,14,6,5,2
2006-10-03,8,meyering:7|cs:1,246,78,22,8
2006-10-05,4,meyering:1|cs:3,53,35,10,4
2006-10-06,3,meyering:2|cs:1,137,37,10,3
2006-10-07,3,cs:2|meyering:1,63,58,7,3
2006-10-09,4,meyering:1|cs:3,64,26,8,4
2006-10-10,1,cs:1,26,22,7,1
2006-10-11,3,meyering:2|cs:1,15,3,5,3
2006-10-12,4,meyering:4,50,13,12,4
2006-10-13,8,meyering:7|cs:1,108,65,18,8
2006-10-14,14,meyering:14,182,129,30,14
2006-10-15,1,cs:1,312,97,6,1
2006-10-16,2,cs:1|meyering:1,15,8,4,2
2006-10-17,3,meyering:3,10,1,4,3
2006-10-18,3,cs:3,47,23,7,3
2006-10-19,6,cs:2|meyering:4,34,15,10,6
2006-10-20,3,meyering:3,33,8,6,3
2006-10-21,2,meyering:2,726,117,10,2
2006-10-22,9,meyering:9,790,541,233,9
2006-10-23,4,meyering:4,40,6,9,4
2006-10-24,1,meyering:1,16,4,2,1
2006-10-25,5,meyering:5,278,61,45,5
2006-10-26,2,meyering:2,79,51,22,2
2006-10-28,3,meyering:3,19,2,6,3
2006-10-30,1,meyering:1,8,0,4,1
2006-11-12,6,meyering:6,127,5,18,6
2006-11-13,3,meyering:3,26,9,6,3
2006-11-14,3,meyering:3,47,31,11,3
2006-11-15,1,meyering:1,6,0,2,1
2006-11-16,6,meyering:4|gmx:1|cs:1,67,24,18,6
2006-11-18,2,meyering:2,79,7,6,2
2006-11-19,4,meyering:4,28,4,10,4
2006-11-20,1,meyering:1,74,0,3,1
2006-11-21,3,meyering:3,18,4,6,3
2006-11-22,8,meyering:8,65,20,18,8
2006-11-23,6,cs:1|meyering:5,36,440,14,6
2006-11-24,1,softlab:1,5,0,2,1
2006-11-25,6,meyering:1|cs:5,57,32,12,6
2006-11-26,7,cs:1|meyering:6,122,174,13,7
2006-11-27,3,gentoo:1|cs:1|meyering:1,127,21,18,3
2006-11-28,3,meyering:3,26,3,6,3
2006-12-02,1,meyering:1,6,1,2,1
2006-12-03,4,meyering:4,83,2,9,4
2006-12-04,1,cs:1,9,4,2,1
2006-12-06,3,meyering:2|cs:1,159,35,9,3
2006-12-07,3,cs:1|meyering:2,75,16,10,3
2006-12-08,4,meyering:4,37,6,10,4
2006-12-09,3,meyering:3,18,3,7,3
2006-12-12,2,meyering:2,15,15,6,2
2006-12-13,3,meyering:1|cs:1|linux-m68k:1,153,33,16,3
2006-12-14,7,meyering:7,282,33,24,7
2006-12-15,3,cs:2|meyering:1,170,10,9,3
2006-12-20,2,meyering:2,145,2,11,2
2006-12-21,4,meyering:4,29,8,8,4
2006-12-22,1,cs:1,21,5,5,1
2006-12-26,1,meyering:1,19,2,2,1
2006-12-27,2,meyering:2,17,4,4,2
2006-12-28,2,meyering:2,32,25,3,2
2006-12-30,7,meyering:7,76,40,15,7
2007-01-01,2,meyering:2,18,5,4,2
2007-01-02,1,cs:1,46,15,4,1
2007-01-03,4,clisp:2|armory:2,60,26,10,4
2007-01-04,9,meyering:9,1816,109,44,9
2007-01-05,3,gentoo:1|meyering:2,291,75,22,3
2007-01-06,3,ghalkes:1|meyering:2,38,23,7,3
2007-01-07,2,meyering:2,58,8,5,2
2007-01-10,1,meyering:1,18,2,2,1
2007-01-11,4,meyering:4,26,3,4,4
2007-01-13,17,meyering:17,296,156,82,17
2007-01-14,2,clisp:1|meyering:1,16,21,5,2
2007-01-15,3,meyering:3,34,7,6,3
2007-01-17,1,meyering:1,100,17,8,1
2007-01-18,1,meyering:1,7,3,2,1
2007-01-19,3,meyering:2|linux:1,85,3,10,3
2007-01-20,5,cs:1|meyering:4,359,23,15,5
2007-01-24,8,linux:2|meyering:5|cs:1,850,229,36,8
2007-01-25,1,linux:1,6,6,2,1
2007-01-26,7,meyering:6|cs:1,904,128,26,7
2007-01-27,1,meyering:1,6,16,4,1
2007-01-29,7,cs:1|meyering:6,218,94,15,7
2007-01-30,3,cs:2|meyering:1,36,12,6,3
2007-01-31,2,meyering:2,197,21,14,2
2007-02-01,3,meyering:3,43,4,6,3
2007-02-02,3,meyering:3,310,14,15,3
2007-02-03,3,cs:2|meyering:1,177,50,13,3
2007-02-10,3,meyering:3,44,23,13,3
2007-02-12,3,meyering:3,56,17,8,3
2007-02-13,1,meyering:1,29,3,2,1
2007-02-15,1,cs:1,17,7,3,1
2007-02-18,4,meyering:4,51,6,14,4
2007-02-19,2,meyering:1|cs:1,55,38,7,2
2007-02-20,6,meyering:6,56,24,13,6
2007-02-21,3,cs:1|meyering:2,17,3,8,3
2007-02-22,5,meyering:4|cs:1,64,10,11,5
2007-02-23,4,meyering:3|edsantiago:1,58,11,9,4
2007-02-24,11,clisp:3|meyering:7|cs:1,217,179,51,11
2007-02-25,2,meyering:2,19,8,5,2
2007-02-27,2,cs:1|meyering:1,105,4,8,2
2007-02-28,5,meyering:4|cs:1,22,702,9,5
2007-03-01,6,clisp:1|meyering:5,139,76,17,6
2007-03-02,6,meyering:6,52,38,13,6
2007-03-03,2,meyering:1|achurch:1,37,11,5,2
2007-03-04,1,meyering:1,5,1,2,1
2007-03-08,7,meyering:7,174,87,13,7
2007-03-09,3,meyering:3,29,54,5,3
2007-03-10,6,meyering:6,340,7,10,6
2007-03-12,3,meyering:3,48,15,4,3
2007-03-13,2,meyering:2,415,1,4,2
2007-03-15,1,meyering:1,15,3,4,1
2007-03-16,5,cs:2|meyering:3,125,55,11,5
2007-03-17,7,meyering:7,55,30,12,7
2007-03-18,5,meyering:5,157,7,14,5
2007-03-20,5,cs:1|meyering:4,44,441,10,5
2007-03-21,3,meyering:3,21,315,6,3
2007-03-22,5,cs:1|redhat:1|meyering:3,35,12,10,5
2007-03-23,3,meyering:3,25,4,7,3
2007-03-24,1,meyering:1,13,1,2,1
2007-03-25,3,cs:1|meyering:2,162,97,10,3
2007-03-27,1,meyering:1,7,2,3,1
2007-03-28,4,meyering:4,129,91,94,4
2007-03-29,2,meyering:2,20,1,2,2
2007-03-30,2,meyering:2,208,208,4,2
2007-04-02,3,cs:2|meyering:1,94,8,9,3
2007-04-07,2,redhat:1|meyering:1,32,3,6,2
2007-04-10,1,meyering:1,64,51,2,1
2007-04-12,2,cs:1|meyering:1,41,2,8,2
2007-04-16,2,meyering:2,15,3,6,2
2007-04-24,2,redhat:1|meyering:1,33,1,6,2
2007-04-25,7,meyering:7,32,40,18,7
2007-04-28,1,cs:1,33,0,6,1
2007-05-02,2,meyering:2,17,4,5,2
2007-05-03,2,cs:1|meyering:1,84,35,8,2
2007-05-04,3,meyering:3,38,10,10,3
2007-05-07,1,meyering:1,5,1,2,1
2007-05-13,3,gnu:1|meyering:2,132,1017,22,3
2007-05-15,2,cs:1|meyering:1,57,3,5,2
2007-05-18,1,meyering:1,6,1,2,1
2007-05-19,1,meyering:1,9,3,3,1
2007-05-20,2,meyering:2,137,46,9,2
2007-05-22,4,meyering:4,99,25,13,4
2007-05-26,2,meyering:1|gnu:1,29,14,7,2
2007-05-31,3,meyering:3,28,1736,10,3
2007-06-02,2,meyering:2,593,7,20,2
2007-06-03,1,meyering:1,7,1,3,1
2007-06-04,1,cs:1,11,7,2,1
2007-06-05,1,redhat:1,245,58,16,1
2007-06-06,1,meyering:1,5,1,2,1
2007-06-10,2,meyering:2,98,10,10,2
2007-06-11,1,meyering:1,12,1,3,1
2007-06-13,3,meyering:3,39,6,8,3
2007-06-15,3,cs:2|meyering:1,174,52,16,3
2007-06-16,1,meyering:1,16,5,4,1
2007-06-18,3,meyering:2|cs:1,109,55,16,3
2007-06-22,2,meyering:1|draigBrady:1,22,2,4,2
2007-06-23,2,cs:1|meyering:1,83,30,11,2
2007-06-30,1,meyering:1,18,44,7,1
2007-07-03,1,cs:1,1633,834,88,1
2007-07-04,1,meyering:1,424,0,2,1
2007-07-05,3,meyering:3,223,91,16,3
2007-07-07,1,meyering:1,1,1,1,1
2007-07-08,7,meyering:7,70,363,16,7
2007-07-09,2,draigBrady:1|meyering:1,97,42,6,2
2007-07-10,3,meyering:3,763,567,510,3
2007-07-11,1,meyering:1,12,1,3,1
2007-07-12,2,meyering:2,56,13,6,2
2007-07-13,2,meyering:2,22,4,5,2
2007-07-14,2,redhat:1|meyering:1,36,18,5,2
2007-07-15,2,meyering:2,138,22,10,2
2007-07-17,1,meyering:1,2,2,1,1
2007-07-19,2,meyering:2,55,33,6,2
2007-07-20,2,linux-m68k:1|meyering:1,20,6,5,2
2007-07-21,1,cs:1,12,1,2,1
2007-07-22,1,meyering:1,14,2,2,1
2007-07-23,3,meyering:3,2340,2844,503,3
2007-07-24,3,cs:1|meyering:2,36,8,6,3
2007-07-26,1,proulx:1,20,0,2,1
2007-07-28,1,meyering:1,79,1,6,1
2007-07-29,1,meyering:1,151,151,1,1
2007-07-31,2,meyering:2,81,6,8,2
2007-08-02,3,meyering:3,72,62,8,3
2007-08-04,3,cs:1|meyering:2,184,41,13,3
2007-08-05,1,meyering:1,18,3,2,1
2007-08-08,1,meyering:1,6,1,2,1
2007-08-11,1,cs:1,55,56,10,1
2007-08-14,3,meyering:3,338,29,20,3
2007-08-15,2,meyering:2,75,4,6,2
2007-08-16,3,meyering:3,378,203,30,3
2007-08-18,2,meyering:2,176,81,46,2
2007-08-20,3,redhat:1|cs:1|proulx:1,76,14,20,3
2007-08-21,1,meyering:1,15,4,4,1
2007-08-22,4,meyering:4,81,11,12,4
2007-08-23,5,meyering:5,342,73,20,5
2007-08-24,7,meyering:7,98,1659,23,7
2007-08-25,2,meyering:2,8,415,56,2
2007-08-26,3,redhat:1|meyering:2,96,5,9,3
2007-08-27,1,meyering:1,79,35,2,1
2007-08-28,4,meyering:4,65,13,12,4
2007-08-29,3,meyering:2|redhat:1,49,25,12,3
2007-08-30,3,redhat:1|meyering:2,134,90,36,3
2007-08-31,2,meyering:1|redhat:1,94,6,5,2
2007-09-01,6,meyering:6,595,113,32,6
2007-09-02,3,meyering:3,38,26,6,3
2007-09-03,3,meyering:3,21,6,6,3
2007-09-05,1,meyering:1,16,5,3,1
2007-09-06,2,meyering:2,500,1757,100,2
2007-09-07,7,proulx:1|meyering:6,214,497,49,7
2007-09-08,8,meyering:8,351,1202,83,8
2007-09-10,4,meyering:4,52,238,27,4
2007-09-11,3,meyering:3,57,212,30,3
2007-09-12,3,meyering:3,570,1148,85,3
2007-09-13,4,meyering:4,124,766,36,4
2007-09-15,1,meyering:1,21,25,2,1
2007-09-16,5,meyering:5,252,7,8,5
2007-09-19,2,meyering:2,12,6,3,2
2007-09-21,1,meyering:1,11,0,2,1
2007-09-22,4,gnu:1|meyering:3,89,11,11,4
2007-09-24,3,meyering:3,96,66,7,3
2007-09-25,3,meyering:2|draigBrady:1,27,203,12,3
2007-09-27,1,meyering:1,4,1,2,1
2007-09-28,1,redhat:1,6,0,2,1
2007-09-29,2,redhat:2,53,0,5,2
2007-09-30,1,meyering:1,7,1,2,1
2007-10-02,1,meyering:1,116,8,4,1
2007-10-03,1,meyering:1,9,1,2,1
2007-10-04,5,meyering:5,45,160,16,5
2007-10-05,3,meyering:3,129,9,13,3
2007-10-07,8,meyering:8,165,84,20,8
2007-10-08,1,meyering:1,23,12,3,1
2007-10-09,7,meyering:7,163,61,21,7
2007-10-14,2,meyering:2,62,102,27,2
2007-10-20,8,proulx:1|meyering:7,103,38,19,8
2007-10-21,4,meyering:4,53,23,11,4
2007-10-22,2,meyering:1|cs:1,46,7,6,2
2007-10-23,1,meyering:1,6,2,2,1
2007-10-24,4,meyering:4,39,11,8,4
2007-10-25,3,cowan:1|meyering:2,16,19,5,3
2007-10-26,1,meyering:1,50,1,3,1
2007-10-27,3,meyering:3,51,20,6,3
2007-10-28,5,meyering:5,51,18,11,5
2007-10-29,9,meyering:8|proulx:1,68,22,17,9
2007-10-30,1,meyering:1,8,1,2,1
2007-10-31,2,meyering:2,10,0,4,2
2007-11-01,8,meyering:8,176,128,19,8
2007-11-03,5,cs:1|meyering:4,124,27,12,5
2007-11-05,6,meyering:6,42,102,14,6
2007-11-10,4,meyering:3|tukaani:1,117,12,16,4
2007-11-12,1,justemail:1,9,1,2,1
2007-11-13,1,justemail:1,2,1,2,1
2007-11-14,4,meyering:4,27,4,8,4
2007-11-15,2,meyering:1|linux-m68k:1,19,3,4,2
2007-11-16,5,cs:2|meyering:3,294,130,58,5
2007-11-17,3,cs:1|meyering:2,35,8,8,3
2007-11-18,3,meyering:3,19,6,6,3
2007-11-21,4,cs:1|meyering:2|draigBrady:1,67,56,7,4
2007-11-22,5,meyering:4|tukaani:1,125,28,11,5
2007-11-23,4,meyering:3|tukaani:1,159,26,10,4
2007-11-24,1,meyering:1,16,9,2,1
2007-11-25,2,meyering:2,24,3,4,2
2007-11-26,1,meyering:1,31,24,2,1
2007-11-27,2,meyering:2,13,1,3,2
2007-11-28,2,cs:1|meyering:1,20,1,4,2
2007-11-29,4,cs:1|meyering:3,110,238,49,4
2007-11-30,7,gmx:3|meyering:4,112,44,25,7
2007-12-01,12,cs:2|meyering:10,289,73,33,12
2007-12-02,5,proulx:1|meyering:4,35,2,10,5
2007-12-04,1,meyering:1,12,7,6,1
2007-12-06,1,meyering:1,72,338,46,1
2007-12-08,2,meyering:2,24,110,20,2
2007-12-09,1,meyering:1,14,1,4,1
2007-12-11,4,meyering:3|cs:1,72,40,8,4
2007-12-12,1,meyering:1,6,2,2,1
2007-12-15,3,meyering:3,9,3,5,3
2007-12-18,2,meyering:2,20,2,5,2
2007-12-19,1,cs:1,6,4,2,1
2007-12-20,3,meyering:3,43,6,8,3
2007-12-21,1,gmx:1,8,4,2,1
2007-12-30,1,gentoo:1,5,0,2,1
2007-12-31,2,meyering:2,68,27,5,2
2008-01-02,2,meyering:2,12,2,5,2
2008-01-05,1,meyering:1,54,1,5,1
2008-01-06,2,cs:1|meyering:1,89,3,7,2
2008-01-07,5,meyering:4|suse:1,96,15,11,5
2008-01-08,2,meyering:2,24,5,4,2
2008-01-09,1,cs:1,37,18,2,1
2008-01-10,1,meyering:1,5,0,2,1
2008-01-11,3,meyering:3,29,5,7,3
2008-01-12,3,meyering:2|gentoo:1,22,4,5,3
2008-01-13,2,gentoo:1|meyering:1,17,3,5,2
2008-01-16,2,meyering:2,29,7,4,2
2008-01-17,1,meyering:1,12,4,3,1
2008-01-18,1,meyering:1,18,4,2,1
2008-01-22,5,meyering:5,15,15,8,5
2008-01-23,4,meyering:3|math:1,34,17,9,4
2008-01-25,2,meyering:1|gnu:1,370,192,14,2
2008-01-26,7,gentoo:1|meyering:6,74,17,18,7
2008-01-28,3,meyering:2|proulx:1,54,47,10,3
2008-01-29,3,meyering:2|debian:1,76,3,10,3
2008-01-30,6,cs:1|meyering:4|proulx:1,160,78,21,6
2008-01-31,4,cs:1|meyering:3,107,120,13,4
2008-02-02,1,meyering:1,9,3,2,1
2008-02-04,1,meyering:1,4,2,2,1
2008-02-06,1,gmail:1,42,19,8,1
2008-02-07,3,meyering:3,37,5,9,3
2008-02-10,7,meyering:7,9083,9049,13,7
2008-02-11,2,meyering:2,16,28,5,2
2008-02-12,6,meyering:3|alcatel-lucent:1|jidanni:1|membled:1,82,48,12,6
2008-02-13,1,meyering:1,13,1,1,1
2008-02-16,4,gnu:1|meyering:3,80,78,7,4
2008-02-17,2,meyering:2,26,11,3,2
2008-02-18,3,meyering:2|gmail:1,73,11,8,3
2008-02-19,3,gnu:2|meyering:1,253,46,6,3
2008-02-20,5,linux-m68k:1|meyering:2|gnu:1|cs:1,97,45,8,5
2008-02-21,1,gnu:1,64,22,4,1
2008-02-22,1,meyering:1,31,14,1,1
2008-02-23,1,meyering:1,9,2,3,1
2008-02-24,3,meyering:3,20,23,15,3
2008-02-25,1,proulx:1,11,0,1,1
2008-02-29,3,meyering:3,8,4,3,3
2008-03-01,3,meyering:3,2,30,5,3
2008-03-02,8,meyering:7|gmx:1,89,31,19,8
2008-03-03,3,josefsson:1|redhat:2,14,1,5,3
2008-03-04,5,meyering:3|redhat:1|gmail:1,54,17,9,5
2008-03-05,2,meyering:2,3,11,2,2
2008-03-06,1,meyering:1,1,1,1,1
2008-03-07,1,meyering:1,22,1,1,1
2008-03-10,2,meyering:1|redhat:1,83,24,9,2
2008-03-12,2,meyering:2,8,5,2,2
2008-03-15,3,gmail:1|meyering:2,14,4,4,3
2008-03-17,1,meyering:1,299,0,1,1
2008-03-18,5,altlinux:1|meyering:4,25,43,5,5
2008-03-19,6,meyering:5|proulx:1,131,46,15,6
2008-03-20,5,redhat:1|meyering:4,35,45,12,5
2008-03-21,6,meyering:5|gmx:1,172,105,11,6
2008-03-22,1,meyering:1,2,1,1,1
2008-03-23,2,meyering:2,117,113,3,2
2008-03-24,2,redhat:1|meyering:1,30,120,7,2
2008-03-25,1,alcatel-lucent:1,1,1,1,1
2008-03-26,3,zuster:1|meyering:2,44,2,5,3
2008-03-27,1,meyering:1,56,10,4,1
2008-03-28,7,meyering:4|draigBrady:3,1704,226,89,7
2008-03-29,3,meyering:3,19,22,3,3
2008-03-31,6,cs:1|meyering:5,131,9,12,6
2008-04-01,7,meyering:7,52,33,9,7
2008-04-02,5,meyering:5,96,15,12,5
2008-04-03,1,gmail:1,183,5,5,1
2008-04-04,1,gmail:1,56,33,22,1
2008-04-05,1,gmail:1,171,14,4,1
2008-04-06,2,meyering:2,36,30,2,2
2008-04-08,1,meyering:1,3,1,1,1
2008-04-11,2,meyering:2,7,4,2,2
2008-04-12,3,meyering:3,9,2,4,3
2008-04-14,4,meyering:4,30,16,8,4
2008-04-15,1,meyering:1,19,9,4,1
2008-04-16,6,meyering:5|users:1,19,12,6,6
2008-04-17,2,meyering:2,1096,1126,343,2
2008-04-18,3,meyering:3,84,75,45,3
2008-04-19,7,gentoo:1|meyering:5|gmx:1,47,8,9,7
2008-04-20,3,meyering:2|gmail:1,334,81,14,3
2008-04-21,1,meyering:1,3,1,2,1
2008-04-22,6,meyering:4|gmail:2,201,99,12,6
2008-04-23,5,meyering:3|redhat:2,65,154,13,5
2008-04-24,4,meyering:4,36,60,11,4
2008-04-25,5,meyering:5,62,47,13,5
2008-04-26,3,meyering:3,140,78,16,3
2008-04-27,1,meyering:1,7,2,1,1
2008-04-28,5,gmail:3|meyering:2,30,21,5,5
2008-04-30,5,gmail:2|meyering:3,88,24,9,5
2008-05-01,3,meyering:3,44,46,44,3
2008-05-02,2,meyering:2,35,139,107,2
2008-05-03,4,meyering:4,78,139,17,4
2008-05-04,5,meyering:5,412,469,17,5
2008-05-05,6,meyering:5|gmail:1,130,40,12,6
2008-05-06,3,meyering:3,215,213,8,3
2008-05-08,4,meyering:3|clisp:1,310,290,10,4
2008-05-09,2,meyering:1|bernhard-marx:1,354,307,5,2
2008-05-10,5,meyering:5,361,597,16,5
2008-05-11,1,meyering:1,4,1556,10,1
2008-05-12,5,meyering:5,249,23,11,5
2008-05-14,1,meyering:1,137,579,54,1
2008-05-15,3,clisp:1|meyering:2,79,30,5,3
2008-05-16,1,meyering:1,20,9,1,1
2008-05-19,11,draigBrady:1|meyering:10,327,806,158,11
2008-05-20,1,meyering:1,9,2,1,1
2008-05-21,2,meyering:2,74,10,2,2
2008-05-23,1,meyering:1,1,0,1,1
2008-05-26,1,meyering:1,1,1,1,1
2008-05-27,3,meyering:3,316,313,304,3
2008-05-29,2,meyering:2,9,3,2,2
2008-05-30,4,meyering:4,9,4,4,4
2008-05-31,2,meyering:2,9,2,4,2
2008-06-01,8,meyering:5|josefsson:2|unix-ag:1,72,14,11,8
2008-06-02,7,meyering:6|redhat:1,140,112,108,7
2008-06-03,4,meyering:4,133,404,102,4
2008-06-05,1,redhat:1,3,1,2,1
2008-06-08,2,meyering:2,10,15,2,2
2008-06-09,4,clisp:1|meyering:1|draigBrady:2,46,19,7,4
2008-06-11,8,clisp:1|meyering:3|redhat:4,170,143,15,8
2008-06-12,3,meyering:2|redhat:1,183,149,70,3
2008-06-13,2,meyering:2,13,5,7,2
2008-06-14,3,meyering:3,11,11,3,3
2008-06-15,4,meyering:4,35,5,4,4
2008-06-16,5,meyering:2|gmx:1|redhat:1|gmail:1,102,79,76,5
2008-06-17,2,meyering:2,2,1,2,2
2008-06-18,1,meyering:1,1,1,1,1
2008-06-19,3,meyering:2|gmail:1,28,12,4,3
2008-06-20,1,meyering:1,3,3,1,1
2008-06-22,2,meyering:2,17,3,3,2
2008-06-23,2,redhat:1|meyering:1,6,4,4,2
2008-06-25,1,meyering:1,16,5,1,1
2008-06-26,9,meyering:6|mlists:1|draigBrady:2,38,24,10,9
2008-06-27,5,meyering:4|draigBrady:1,25,44,25,5
2008-06-28,2,meyering:2,10,9,9,2
2008-06-29,1,draigBrady:1,12,0,2,1
2008-07-01,1,meyering:1,6,11,1,1
2008-07-02,2,redhat:1|meyering:1,119,7,6,2
2008-07-04,2,meyering:2,11,4,3,2
2008-07-06,1,meyering:1,1,2,1,1
2008-07-10,2,meyering:1|draigBrady:1,3,1,2,2
2008-07-15,1,meyering:1,49,3,3,1
2008-07-16,2,meyering:2,28,0,2,2
2008-07-18,1,linux-m68k:1,3,3,1,1
2008-07-19,1,meyering:1,1,0,1,1
2008-07-22,4,gmx:1|meyering:2|sc3d:1,49,3,4,4
2008-07-23,3,meyering:2|redhat:1,105,23,9,3
2008-07-27,3,meyering:2|gmail:1,20,9,7,3
2008-07-28,1,meyering:1,1,1,1,1
2008-07-30,2,meyering:1|redhat:1,28,11,3,2
2008-07-31,1,gnu:1,532,65,7,1
2008-08-01,1,redhat:1,105,7,8,1
2008-08-02,3,gmx:2|gnu:1,598,96,8,3
2008-08-03,1,meyering:1,1,1,1,1
2008-08-04,9,gnu:2|meyering:1|justemail:5|nrc:1,77,35,18,9
2008-08-06,2,gnu:2,31,29,3,2
2008-08-07,3,meyering:1|justemail:2,6,8,3,3
2008-08-08,7,meyering:4|justemail:3,58,73,8,7
2008-08-09,5,justemail:5,10,19,5,5
2008-08-10,5,meyering:3|justemail:2,19,18,6,5
2008-08-13,4,meyering:4,74,42,41,4
2008-08-14,2,gnu:1|meyering:1,194,24,10,2
2008-08-15,1,meyering:1,34,33,4,1
2008-08-18,1,redhat:1,3,1,2,1
2008-08-19,3,redhat:3,4,3,3,3
2008-08-20,4,justemail:4,21,18,7,4
2008-08-21,2,justemail:2,8,10,2,2
2008-08-22,1,justemail:1,4,4,1,1
2008-08-23,2,clisp:1|justemail:1,6,4,2,2
2008-08-24,1,justemail:1,6,2,1,1
2008-08-26,1,meyering:1,5,4,1,1
2008-08-27,4,justemail:4,11,10,4,4
2008-08-29,1,justemail:1,2,8,1,1
2008-08-31,3,snitselaar:1|justemail:2,13,8,4,3
2008-09-03,2,meyering:1|redhat:1,214,8,9,2
2008-09-05,1,redhat:1,68,6,6,1
2008-09-07,5,meyering:5,353,333,310,5
2008-09-08,1,meyering:1,5,5,1,1
2008-09-09,2,gmx:2,14,45,5,2
2008-09-10,1,meyering:1,33,22,1,1
2008-09-11,2,meyering:2,10,3,3,2
2008-09-12,1,gmx:1,16,9,3,1
2008-09-13,1,meyering:1,0,7,1,1
2008-09-14,1,meyering:1,0,4,1,1
2008-09-19,1,meyering:1,50,0,1,1
2008-09-22,3,justemail:1|gmx:1|meyering:1,276,30,6,3
2008-09-23,1,meyering:1,1,1,1,1
2008-09-24,3,meyering:3,46,17,3,3
2008-09-25,1,meyering:1,20,1,4,1
2008-09-26,2,meyering:2,4,8,2,2
2008-09-27,3,redhat:1|meyering:2,13,2,3,3
2008-09-28,2,meyering:2,6,2,2,2
2008-09-29,1,gmx:1,1,1,1,1
2008-10-01,5,meyering:3|redhat:2,86,34,5,5
2008-10-02,2,meyering:2,49,4,2,2
2008-10-03,2,redhat:1|meyering:1,55,14,6,2
2008-10-04,1,meyering:1,2,1,2,1
2008-10-05,3,meyering:3,7,4,5,3
2008-10-06,4,meyering:1|sun:1|redhat:2,187,24,5,4
2008-10-08,3,meyering:3,17,101,11,3
2008-10-09,1,redhat:1,18,6,3,1
2008-10-10,1,meyering:1,12,3,1,1
2008-10-12,6,meyering:6,350,270,26,6
2008-10-13,2,meyering:1|redhat:1,10,32,3,2
2008-10-15,4,meyering:2|cs:1|draigBrady:1,196,569,6,4
2008-10-16,3,meyering:1|cs:1|draigBrady:1,16,7,4,3
2008-10-18,1,meyering:1,29,16,1,1
2008-10-19,1,meyering:1,6,20,9,1
2008-10-20,1,redhat:1,1,1,1,1
2008-10-21,5,meyering:4|draigBrady:1,197,201,16,5
2008-10-22,3,meyering:1|cs:1|draigBrady:1,6,8,3,3
2008-10-24,3,redhat:1|cs:2,71,140,5,3
2008-10-25,3,meyering:3,70,5,6,3
2008-10-26,1,cs:1,25,56,2,1
2008-10-27,1,redhat:1,69,13,6,1
2008-10-28,3,meyering:3,29,23,17,3
2008-11-05,1,meyering:1,1,0,1,1
2008-11-08,2,meyering:1|gnu:1,11,4,2,2
2008-11-09,2,meyering:2,11,14,10,2
2008-11-11,2,meyering:1|redhat:1,9,8,6,2
2008-11-12,6,meyering:5|redhat:1,55,59,19,6
2008-11-16,2,meyering:2,9,4,2,2
2008-11-17,2,meyering:2,81,55,6,2
2008-11-19,3,meyering:3,77,43,7,3
2008-11-20,4,draigBrady:3|meyering:1,420,21,14,4
2008-11-21,2,draigBrady:1|meyering:1,62,3,4,2
2008-11-23,3,gnu:2|meyering:1,8,6,3,3
2008-11-24,3,meyering:3,270,64,7,3
2008-11-25,1,meyering:1,99,44,2,1
2008-11-26,5,draigBrady:1|meyering:3|redhat:1,182,44,7,5
2008-11-27,2,gnu:1|redhat:1,33,16,3,2
2008-11-28,2,meyering:2,4,4,3,2
2008-11-29,2,meyering:2,42,0,4,2
2008-11-30,7,meyering:7,35,16,13,7
2008-12-01,7,draigBrady:4|meyering:3,135,122,11,7
2008-12-09,2,meyering:2,23,76,6,2
2008-12-12,1,draigBrady:1,66,49,13,1
2008-12-13,3,gmx:1|meyering:2,34,15,3,3
2008-12-16,1,meyering:1,5,0,1,1
2008-12-17,2,draigBrady:2,774,11,22,2
2008-12-21,3,meyering:2|mindspring:1,46,22,6,3
2008-12-22,1,meyering:1,1,1,1,1
2008-12-23,4,draigBrady:2|meyering:2,27,19,7,4
2008-12-26,4,meyering:4,186,175,12,4
2008-12-27,1,redhat:1,9,1,2,1
2008-12-29,2,meyering:2,34,23,2,2
2008-12-30,1,meyering:1,80,80,8,1
2008-12-31,2,meyering:2,98,38,6,2
2009-01-01,2,meyering:1|draigBrady:1,3,2,3,2
2009-01-02,2,fam-meskes:1|meyering:1,6,6,2,2
2009-01-04,1,draigBrady:1,14,14,2,1
2009-01-07,1,meyering:1,16,16,1,1
2009-01-08,2,redhat:1|meyering:1,15,21,6,2
2009-01-13,2,redhat:2,212,22,10,2
2009-01-14,1,draigBrady:1,21,33,3,1
2009-01-15,3,draigBrady:3,10,10,3,3
2009-01-16,2,meyering:2,0,3,3,2
2009-01-19,2,meyering:2,7,15,2,2
2009-01-21,1,meyering:1,3,3,1,1
2009-01-22,2,draigBrady:2,14,6,5,2
2009-01-23,2,meyering:1|redhat:1,299,10,15,2
2009-01-26,2,meyering:1|draigBrady:1,46,4,3,2
2009-01-27,3,meyering:3,11,6,3,3
2009-01-28,2,draigBrady:1|meyering:1,7,3,2,2
2009-01-29,5,meyering:3|jidanni:2,43,29,6,5
2009-01-31,1,meyering:1,6,0,1,1
2009-02-01,3,meyering:3,10,8,3,3
2009-02-02,1,meyering:1,1,6,2,1
2009-02-05,1,meyering:1,5,5,3,1
2009-02-06,1,draigBrady:1,14,9,1,1
2009-02-09,1,meyering:1,8,3,1,1
2009-02-10,2,esperi:1|meyering:1,4,5,2,2
2009-02-11,2,redhat:1|meyering:1,38,9,7,2
2009-02-12,1,draigBrady:1,9,10,3,1
2009-02-14,6,draigBrady:1|meyering:5,63,30,13,6
2009-02-17,4,redhat:4,448,26,17,4
2009-02-18,4,redhat:1|meyering:3,50,22,19,4
2009-02-19,1,meyering:1,6,3,3,1
2009-02-20,1,meyering:1,3,2,2,1
2009-02-21,6,meyering:6,27,7,12,6
2009-02-22,4,gnu:1|meyering:1|achurch:1|stoeckmann:1,9,11,8,4
2009-02-24,4,draigBrady:2|meyering:2,79,34,8,4
2009-02-25,3,meyering:2|redhat:1,42,11,3,3
2009-02-26,3,draigBrady:1|redhat:1|meyering:1,11,12,4,3
2009-02-27,10,meyering:9|draigBrady:1,130,106,31,10
2009-03-01,1,meyering:1,95,0,1,1
2009-03-02,2,meyering:1|gmx:1,20,0,2,2
2009-03-03,2,meyering:1|linux-m68k:1,12,7,4,2
2009-03-06,6,meyering:5|draigBrady:1,146,134,33,6
2009-03-07,5,meyering:5,38,11,8,5
2009-03-08,3,meyering:2|clisp:1,19,8,5,3
2009-03-09,1,cs:1,69,5,4,1
2009-03-10,1,meyering:1,0,1,1,1
2009-03-11,3,draigBrady:2|redhat:1,83,17,11,3
2009-03-12,4,meyering:3|draigBrady:1,8,6,4,4
2009-03-13,1,cs:1,268,74,4,1
2009-03-14,4,meyering:3|gmx:1,52,356,9,4
2009-03-15,2,meyering:2,1,49,2,2
2009-03-17,1,meyering:1,5,1,1,1
2009-03-18,1,meyering:1,18,12,3,1
2009-03-19,4,meyering:3|redhat:1,27,20,4,4
2009-03-20,1,meyering:1,1,1,1,1
2009-03-21,3,meyering:3,9,11,3,3
2009-03-23,1,redhat:1,186,18,7,1
2009-03-24,4,redhat:1|meyering:2|draigBrady:1,469,9,13,4
2009-03-25,5,gmx:1|redhat:1|meyering:1|cs:2,46,24,6,5
2009-03-26,3,meyering:2|redhat:1,4,2,3,3
2009-03-27,3,meyering:3,22,43,10,3
2009-03-28,1,meyering:1,7,1,1,1
2009-03-29,3,meyering:3,9,13,5,3
2009-03-30,1,meyering:1,1,4,3,1
2009-03-31,4,meyering:4,10,12,7,4
2009-04-01,3,meyering:1|gmail:1|draigBrady:1,13,7,6,3
2009-04-02,3,meyering:3,13,8,3,3
2009-04-03,2,meyering:2,5,5,3,2
2009-04-04,3,gmx:1|meyering:2,54,40,8,3
2009-04-06,5,meyering:1|draigBrady:4,131,76,28,5
2009-04-07,2,draigBrady:1|meyering:1,10,6,2,2
2009-04-08,1,draigBrady:1,47,1,5,1
2009-04-09,1,meyering:1,4,4,1,1
2009-04-10,5,meyering:5,217,93,6,5
2009-04-11,1,gmx:1,13,0,3,1
2009-04-15,1,meyering:1,2,43,2,1
2009-04-16,2,meyering:2,3,3,2,2
2009-04-17,4,meyering:2|debian:1|redhat:1,86,8,8,4
2009-04-18,2,gmx:1|meyering:1,11,13,3,2
2009-04-19,2,meyering:2,8,7,2,2
2009-04-22,2,meyering:2,36,16,5,2
2009-04-23,3,meyering:3,17,36,4,3
2009-04-24,7,josefsson:1|meyering:4|redhat:2,206,893,15,7
2009-04-25,3,gmx:1|meyering:2,10,16,3,3
2009-04-27,4,meyering:1|redhat:2|gmail:1,254,9,9,4
2009-04-28,5,gmail:1|meyering:3|draigBrady:1,17,9,6,5
2009-04-29,2,meyering:1|csclub:1,11,2,5,2
2009-04-30,4,meyering:3|redhat:1,21,124,6,4
2009-05-01,4,meyering:3|gnu:1,201,12,11,4
2009-05-02,1,meyering:1,7,7,2,1
2009-05-03,1,meyering:1,79,1,3,1
2009-05-04,2,meyering:2,2,2,2,2
2009-05-05,3,linux-m68k:1|meyering:1|draigBrady:1,21,9,6,3
2009-05-07,5,meyering:3|redhat:1|gentoo:1,37,6,8,5
2009-05-14,2,meyering:2,4,2,2,2
2009-05-15,3,draigBrady:2|meyering:1,21,12,8,3
2009-05-17,7,meyering:7,38,18,12,7
2009-05-18,1,meyering:1,2,2,2,1
2009-05-20,1,redhat:1,38,36,3,1
2009-05-27,2,meyering:2,31,7,3,2
2009-05-28,1,meyering:1,1,1,1,1
2009-05-29,1,meyering:1,40,23,2,1
2009-05-31,2,meyering:2,7,4,2,2
2009-06-02,6,meyering:5|gnu:1,509,33,14,6
2009-06-03,2,redhat:1|meyering:1,13,7,2,2
2009-06-07,2,meyering:2,3,2,2,2
2009-06-08,1,draigBrady:1,14,0,2,1
2009-06-10,1,redhat:1,92,69,7,1
2009-06-11,2,draigBrady:1|whatexit:1,28,2,5,2
2009-06-13,1,meyering:1,4,4,4,1
2009-06-14,2,meyering:2,8,1,2,2
2009-06-15,2,meyering:2,25,4,2,2
2009-06-17,1,meyering:1,1,1,1,1
2009-06-20,2,meyering:2,4,4,2,2
2009-06-23,4,meyering:4,469,524,460,4
2009-06-25,1,draigBrady:1,2,1,1,1
2009-06-26,2,meyering:2,72,1,3,2
2009-06-27,1,draigBrady:1,2,1,2,1
2009-06-28,3,meyering:3,104,98,3,3
2009-06-29,1,meyering:1,6,2,1,1
2009-06-30,1,draigBrady:1,20,14,2,1
2009-07-01,1,draigBrady:1,9,7,1,1
2009-07-02,3,draigBrady:1|gnu:2,79,73,4,3
2009-07-03,2,meyering:2,5,5,2,2
2009-07-04,3,gnu:2|meyering:1,4,324,9,3
2009-07-08,4,meyering:3|redhat:1,11,12,4,4
2009-07-09,2,meyering:2,2,1,2,2
2009-07-11,1,meyering:1,1,1,1,1
2009-07-12,1,meyering:1,239,1497,8,1
2009-07-14,1,meyering:1,9,4,1,1
2009-07-19,1,meyering:1,1,1,1,1
2009-07-24,3,meyering:1|redhat:1|draigBrady:1,12,5,4,3
2009-07-25,4,meyering:2|draigBrady:1|gnu:1,53,3,4,4
2009-07-26,2,iki:1|gnu:1,42,12,2,2
2009-07-27,3,redhat:1|draigBrady:1|meyering:1,276,208,9,3
2009-07-29,9,meyering:7|clemson:1|gnu:1,47,280,16,9
2009-07-30,3,meyering:2|draigBrady:1,11,2,4,3
2009-07-31,2,meyering:2,2,2,2,2
2009-08-01,1,gnu:1,46,6,8,1
2009-08-04,4,meyering:3|redhat:1,78,15,11,4
2009-08-06,1,meyering:1,1,145,4,1
2009-08-07,1,meyering:1,17,0,1,1
2009-08-09,1,meyering:1,1,1,1,1
2009-08-10,2,meyering:2,8,12,3,2
2009-08-12,2,draigBrady:2,7,5,2,2
2009-08-13,4,draigBrady:3|meyering:1,22,18,8,4
2009-08-14,1,meyering:1,6,0,1,1
2009-08-15,1,meyering:1,38,38,2,1
2009-08-16,1,meyering:1,1,1,1,1
2009-08-17,2,meyering:2,4,1,2,2
2009-08-18,5,meyering:4|gnu:1,55,16,8,5
2009-08-19,3,meyering:2|draigBrady:1,10,5,3,3
2009-08-20,4,meyering:4,15,4,6,4
2009-08-21,1,meyering:1,1,1,1,1
2009-08-22,1,meyering:1,19864,19864,176,1
2009-08-23,2,meyering:2,11,8,2,2
2009-08-24,1,meyering:1,16,5,2,1
2009-08-25,1,meyering:1,6,2,1,1
2009-08-26,3,meyering:2|draigBrady:1,140,22,12,3
2009-08-27,1,meyering:1,6,6,1,1
2009-08-28,3,meyering:1|redhat:2,76,8,8,3
2009-08-29,7,draigBrady:1|meyering:6,238,158,10,7
2009-08-30,3,draigBrady:1|meyering:2,47,47,14,3
2009-08-31,9,meyering:7|draigBrady:2,31,18,11,9
2009-09-01,3,meyering:2|draigBrady:1,25,21,9,3
2009-09-02,1,redhat:1,4,1,2,1
2009-09-03,8,draigBrady:1|redhat:4|meyering:2|gentoo:1,112,145,18,8
2009-09-04,7,draigBrady:3|seznam:1|redhat:3,144,119,12,7
2009-09-05,5,seznam:1|meyering:3|draigBrady:1,16,141,5,5
2009-09-06,3,meyering:3,61,4,7,3
2009-09-07,11,meyering:9|draigBrady:2,191,17,20,11
2009-09-08,3,draigBrady:1|meyering:2,19,37,5,3
2009-09-09,2,meyering:2,72,7,6,2
2009-09-10,4,redhat:1|meyering:2|draigBrady:1,82,43,13,4
2009-09-11,4,meyering:4,61,6,10,4
2009-09-12,1,meyering:1,42,0,3,1
2009-09-13,3,meyering:3,22,21,4,3
2009-09-14,8,meyering:5|redhat:1|draigBrady:2,100,39,12,8
2009-09-15,2,redhat:1|meyering:1,58,2,5,2
2009-09-16,1,redhat:1,1,2,2,1
2009-09-17,1,meyering:1,16,4,1,1
2009-09-18,2,meyering:1|draigBrady:1,130,118,101,2
2009-09-19,1,meyering:1,2,0,2,1
2009-09-21,5,meyering:2|draigBrady:2|redhat:1,287,241,16,5
2009-09-22,7,draigBrady:3|meyering:2|redhat:2,58,24,10,7
2009-09-23,5,meyering:1|redhat:2|draigBrady:2,96,94,32,5
2009-09-24,3,redhat:3,192,92,10,3
2009-09-26,1,meyering:1,12,5,2,1
2009-09-28,3,meyering:2|draigBrady:1,79,35,12,3
2009-09-29,2,meyering:1|draigBrady:1,25,16,5,2
2009-09-30,5,meyering:5,8,5,5,5
2009-10-01,1,draigBrady:1,38,29,3,1
2009-10-02,4,meyering:3|debian:1,6,43,6,4
2009-10-03,2,meyering:1|gknw:1,35,6,5,2
2009-10-05,1,redhat:1,6,1,3,1
2009-10-06,4,meyering:4,28,16,6,4
2009-10-07,2,meyering:2,4,15,3,2
2009-10-08,8,meyering:2|redhat:6,173,102,20,8
2009-10-09,5,meyering:1|redhat:4,196,104,6,5
2009-10-10,5,meyering:4|redhat:1,121,34,6,5
2009-10-12,2,redhat:1|gnu:1,66,43,5,2
2009-10-13,1,gmail:1,1,1,1,1
2009-10-15,2,meyering:2,4,1,4,2
2009-10-17,2,meyering:1|redhat:1,140,10,6,2
2009-10-18,1,meyering:1,25,27,1,1
2009-10-19,3,meyering:2|draigBrady:1,16,12,10,3
2009-10-20,2,draigBrady:1|gnu:1,119,2,7,2
2009-10-21,3,redhat:3,80,2,7,3
2009-10-22,2,meyering:1|redhat:1,7,1,2,2
2009-10-23,8,redhat:7|draigBrady:1,390,81,33,8
2009-10-24,2,meyering:2,15,4,3,2
2009-10-25,1,meyering:1,4,8,1,1
2009-10-26,6,redhat:6,191,42,21,6
2009-10-27,6,redhat:3|draigBrady:1|meyering:2,347,105,25,6
2009-10-28,8,draigBrady:2|redhat:2|meyering:4,104,25,16,8
2009-10-29,3,redhat:1|meyering:2,44,9,27,3
2009-10-30,5,meyering:3|redhat:2,249,375,363,5
2009-10-31,4,meyering:3|gnu:1,416,16,19,4
2009-11-03,4,meyering:2|redhat:2,272,38,11,4
2009-11-04,6,meyering:1|redhat:5,450,390,17,6
2009-11-05,8,meyering:4|redhat:4,62,26,19,8
2009-11-06,1,meyering:1,2,139,3,1
2009-11-07,2,meyering:2,57,13,7,2
2009-11-08,2,draigBrady:1|meyering:1,118,73,5,2
2009-11-09,2,redhat:1|meyering:1,9,8,2,2
2009-11-11,1,meyering:1,1,1,1,1
2009-11-12,2,meyering:1|redhat:1,7,206,8,2
2009-11-13,7,meyering:6|draigBrady:1,10,7,8,7
2009-11-15,2,meyering:2,78,10,6,2
2009-11-16,1,meyering:1,1,1,1,1
2009-11-17,4,meyering:4,7,143,5,4
2009-11-18,5,meyering:5,10,7,8,5
2009-11-19,1,meyering:1,10,10,2,1
2009-11-20,6,meyering:5|gmail:1,66,86,13,6
2009-11-22,1,altlinux:1,4,1,1,1
2009-11-23,3,meyering:1|redhat:2,50,8,5,3
2009-11-28,1,meyering:1,1,12,1,1
2009-11-29,2,meyering:2,8,1,2,2
2009-11-30,1,draigBrady:1,11,8,1,1
2009-12-01,2,meyering:1|redhat:1,34,26,7,2
2009-12-03,1,meyering:1,1,1,1,1
2009-12-04,1,redhat:1,10,6,6,1
2009-12-05,2,meyering:2,12,5,2,2
2009-12-06,1,draigBrady:1,12,4,1,1
2009-12-07,3,meyering:1|draigBrady:2,19,4,5,3
2009-12-08,4,draigBrady:3|meyering:1,26,3,6,4
2009-12-09,4,meyering:4,14,1,4,4
2009-12-10,2,meyering:2,5,4,2,2
2009-12-11,6,meyering:6,80,61,10,6
2009-12-12,2,meyering:2,4,1,3,2
2009-12-13,6,meyering:5|gmail:1,60,26,7,6
2009-12-14,2,meyering:1|draigBrady:1,130,23,3,2
2009-12-17,1,draigBrady:1,33,25,2,1
2009-12-18,1,draigBrady:1,40,1,4,1
2009-12-19,2,draigBrady:1|redhat:1,6,2,4,2
2009-12-20,1,meyering:1,2,2,1,1
2009-12-21,1,draigBrady:1,11,2,2,1
2009-12-22,2,draigBrady:2,54,2,6,2
2009-12-24,1,meyering:1,59,55,1,1
2009-12-25,2,meyering:2,11,11,2,2
2009-12-26,2,redhat:2,6,1,3,2
2009-12-28,2,meyering:1|draigBrady:1,77,5,4,2
2009-12-29,6,meyering:5|gnu:1,164,31,8,6
2009-12-30,5,gnu:1|meyering:3|redhat:1,35,13,9,5
2009-12-31,4,meyering:1|gmail:3,12,7,5,4
2010-01-01,5,meyering:4|redhat:1,754,654,628,5
2010-01-03,1,meyering:1,4,0,1,1
2010-01-04,3,meyering:3,9,4,3,3
2010-01-05,1,doc:1,1,1,1,1
2010-01-06,4,redhat:3|meyering:1,32,23,14,4
2010-01-07,4,meyering:3|redhat:1,11,5,7,4
2010-01-08,2,redhat:1|gmail:1,824,37,11,2
2010-01-09,1,redhat:1,12,4,2,1
2010-01-11,1,draigBrady:1,8,1,2,1
2010-01-12,6,meyering:3|draigBrady:3,31,21,7,6
2010-01-13,5,meyering:4|draigBrady:1,92,107,8,5
2010-01-14,1,meyering:1,2,2,1,1
2010-01-16,1,redhat:1,4,2,2,1
2010-01-18,2,meyering:2,3,2,2,2
2010-01-22,3,draigBrady:2|redhat:1,62,10,10,3
2010-01-23,1,draigBrady:1,45,29,1,1
2010-01-24,1,meyering:1,3,2,2,1
2010-01-27,2,meyering:1|draigBrady:1,31,19,2,2
2010-01-28,2,meyering:1|draigBrady:1,2,15,3,2
2010-01-30,2,meyering:1|altlinux:1,44,26,10,2
2010-02-01,3,draigBrady:2|redhat:1,25,8,6,3
2010-02-02,1,draigBrady:1,13,14,6,1
2010-02-03,1,meyering:1,11,30,2,1
2010-02-07,4,meyering:3|debian:1,70,16,4,4
2010-02-10,2,meyering:1|draigBrady:1,15,13,9,2
2010-02-11,1,draigBrady:1,2,1,1,1
2010-02-12,2,draigBrady:2,39,10,9,2
2010-02-14,1,meyering:1,0,3,1,1
2010-02-15,2,redhat:2,8,6,4,2
2010-02-16,1,apfelboymchen:1,106,1,4,1
2010-02-18,1,draigBrady:1,5,5,2,1
2010-02-23,1,draigBrady:1,557,60,5,1
2010-02-25,2,redhat:2,64,25,5,2
2010-02-26,1,draigBrady:1,50,5,4,1
2010-03-01,1,gmail:1,68,3,2,1
2010-03-03,1,meyering:1,1,0,1,1
2010-03-04,1,draigBrady:1,6,6,1,1
2010-03-06,1,meyering:1,7,3,1,1
2010-03-08,1,draigBrady:1,7,1,1,1
2010-03-10,2,redhat:1|meyering:1,3,1,2,2
2010-03-11,1,redhat:1,0,2,1,1
2010-03-13,3,gnuvola:1|meyering:2,3,3,3,3
2010-03-15,2,draigBrady:2,290,69,10,2
2010-03-17,2,meyering:1|redhat:1,23,23,9,2
2010-03-18,3,meyering:1|redhat:1|gmx:1,3,2,4,3
2010-03-19,4,meyering:2|gnu:1|draigBrady:1,111,86,5,4
2010-03-20,4,meyering:4,71,18,4,4
2010-03-25,1,i9:1,9,8,3,1
2010-03-26,3,draigBrady:2|meyering:1,33,24,6,3
2010-03-29,4,meyering:3|clisp:1,12,8,5,4
2010-03-31,1,meyering:1,11,7,1,1
2010-04-02,1,meyering:1,19,19,2,1
2010-04-04,2,pengutronix:1|meyering:1,3,1,2,2
2010-04-05,1,meyering:1,1,1,1,1
2010-04-06,1,meyering:1,2,3,2,1
2010-04-07,1,meyering:1,15,1,2,1
2010-04-08,2,meyering:1|gnu:1,3,2,2,2
2010-04-09,2,meyering:1|gentoo:1,5,15,4,2
2010-04-10,3,meyering:2|draigBrady:1,33,27,6,3
2010-04-11,1,oracle:1,1,0,1,1
2010-04-12,1,draigBrady:1,25,23,2,1
2010-04-13,1,draigBrady:1,49,32,3,1
2010-04-14,2,meyering:1|draigBrady:1,32,24,2,2
2010-04-15,2,meyering:1|draigBrady:1,104,0,2,2
2010-04-16,3,meyering:2|draigBrady:1,93,32,6,3
2010-04-19,1,draigBrady:1,291,168,2,1
2010-04-20,2,draigBrady:1|redhat:1,27,1,5,2
2010-04-21,3,draigBrady:1|meyering:1|redhat:1,13,4,4,3
2010-04-23,2,meyering:2,6,3,4,2
2010-04-24,3,meyering:3,17,28,14,3
2010-04-25,1,meyering:1,1,1,1,1
2010-04-28,1,draigBrady:1,86,9,7,1
2010-04-29,2,meyering:2,0,8,2,2
2010-04-30,2,meyering:1|cs:1,12,10,3,2
2010-05-01,3,meyering:3,59,59,29,3
2010-05-03,6,meyering:6,49,70,13,6
2010-05-09,5,meyering:5,29,67,8,5
2010-05-10,4,meyering:4,380,2,6,4
2010-05-11,3,meyering:2|draigBrady:1,286,58,8,3
2010-05-12,1,draigBrady:1,3,4,1,1
2010-05-13,2,oracle:2,318,0,4,2
2010-05-15,2,meyering:2,42,37,24,2
2010-05-16,1,draigBrady:1,1,1,1,1
2010-05-17,3,meyering:3,33,16,3,3
2010-05-18,3,draigBrady:1|meyering:1|scharp:1,53,9,7,3
2010-05-21,2,meyering:2,151,22,3,2
2010-05-22,1,draigBrady:1,9,6,2,1
2010-05-23,1,meyering:1,2,2,1,1
2010-05-24,1,draigBrady:1,1,1,1,1
2010-05-25,2,meyering:2,8,8,5,2
2010-05-26,2,meyering:1|draigBrady:1,39,17,5,2
2010-05-28,1,draigBrady:1,27,45,4,1
2010-05-29,1,meyering:1,1,1,1,1
2010-06-02,2,meyering:2,10,7,4,2
2010-06-04,1,meyering:1,1,1,1,1
2010-06-05,1,meyering:1,36,26,1,1
2010-06-06,1,meyering:1,13,12,1,1
2010-06-07,2,redhat:1|meyering:1,18,13,6,2
2010-06-09,3,redhat:1|cs:1|meyering:1,13,10,5,3
2010-06-10,2,meyering:2,12,1,2,2
2010-06-11,3,meyering:2|oracle:1,4,2,3,3
2010-06-13,3,meyering:3,25,2,3,3
2010-06-14,2,meyering:1|redhat:1,6,0,2,2
2010-06-21,1,meyering:1,1,1,1,1
2010-06-22,1,meyering:1,5,10,2,1
2010-06-26,1,justemail:1,5,5,1,1
2010-06-27,2,meyering:2,653,0,10,2
2010-06-28,1,meyering:1,9,3,3,1
2010-06-29,1,draigBrady:1,1,1,1,1
2010-06-30,3,meyering:3,404,381,5,3
2010-07-01,1,meyering:1,6,4,2,1
2010-07-02,1,cs:1,52,20,4,1
2010-07-04,1,cs:1,29,0,1,1
2010-07-05,3,draigBrady:1|meyering:2,218,113,11,3
2010-07-06,2,cs:2,404,446,16,2
2010-07-07,1,meyering:1,12,8,2,1
2010-07-09,2,cs:1|gmail:1,809,61,14,2
2010-07-12,1,cs:1,6,8,1,1
2010-07-13,3,draigBrady:2|cs:1,15,39,3,3
2010-07-14,4,draigBrady:2|meyering:1|gmail:1,212,37,13,4
2010-07-15,4,draigBrady:1|cs:2|gmail:1,339,96,15,4
2010-07-16,2,cs:2,14,15,4,2
2010-07-19,1,cs:1,27,53,1,1
2010-07-20,3,cs:1|gentoo:1|draigBrady:1,124,26,26,3
2010-07-23,1,cs:1,862,239,6,1
2010-07-24,1,cs:1,91,69,2,1
2010-07-25,6,cs:6,99,110,9,6
2010-07-26,3,cs:3,16,11,4,3
2010-07-27,1,cs:1,5,2,1,1
2010-07-30,2,cs:1|linux:1,122,93,7,2
2010-08-02,1,cs:1,53,106,5,1
2010-08-03,3,cs:2|gentoo:1,22,22,4,3
2010-08-04,1,cs:1,118,242,9,1
2010-08-05,1,cs:1,166,152,2,1
2010-08-06,1,cs:1,108,126,3,1
2010-08-08,1,cs:1,13,5,1,1
2010-08-09,2,redhat:2,3,2,2,2
2010-08-10,5,meyering:1|cs:2|clisp:1|redhat:1,32,17,7,5
2010-08-11,1,draigBrady:1,1,5,4,1
2010-08-13,1,cs:1,7,20,1,1
2010-08-14,1,gmx:1,1,1,1,1
2010-08-19,1,draigBrady:1,1,0,1,1
2010-08-24,1,draigBrady:1,24,40,2,1
2010-08-26,1,redhat:1,1,1,1,1
2010-08-27,1,draigBrady:1,1,0,1,1
2010-08-28,2,meyering:2,15,2,4,2
2010-08-31,1,draigBrady:1,2,2,1,1
2010-09-02,1,draigBrady:1,41,22,13,1
2010-09-03,1,meyering:1,1,1,1,1
2010-09-04,1,meyering:1,1,1,1,1
2010-09-06,3,meyering:3,64,186,5,3
2010-09-07,2,draigBrady:2,28,19,5,2
2010-09-14,1,altlinux:1,1,0,1,1
2010-09-16,2,redhat:2,8,12,5,2
2010-09-17,1,redhat:1,98,25,4,1
2010-09-18,3,meyering:3,11,13,6,3
2010-09-20,4,draigBrady:2|cs:2,36,38,5,4
2010-09-27,1,draigBrady:1,214,72,5,1
2010-09-29,2,meyering:1|oracle:1,297,81,5,2
2010-09-30,5,meyering:1|redhat:4,137,38,17,5
2010-10-01,6,draigBrady:1|redhat:4|meyering:1,141,52,14,6
2010-10-03,2,meyering:2,6,1,2,2
2010-10-04,1,draigBrady:1,20,10,1,1
2010-10-05,5,draigBrady:1|redhat:3|meyering:1,40,50,15,5
2010-10-06,1,meyering:1,1,1,1,1
2010-10-07,2,draigBrady:1|meyering:1,15,7,4,2
2010-10-08,2,meyering:2,2,2,2,2
2010-10-11,4,meyering:4,64,43,7,4
2010-10-12,1,draigBrady:1,130,51,7,1
2010-10-13,6,cs:5|meyering:1,43,20,8,6
2010-10-14,1,cs:1,1,1,1,1
2010-10-15,3,meyering:3,7,4,5,3
2010-10-16,2,linux-m68k:1|meyering:1,43,1,2,2
2010-10-17,3,meyering:3,132,108,5,3
2010-10-18,1,justemail:1,20,18,2,1
2010-10-19,2,meyering:1|sdfg:1,25,0,2,2
2010-10-21,2,debian:1|meyering:1,181,43,7,2
2010-10-23,1,cs:1,49,2,3,1
2010-10-24,2,draigBrady:2,23,15,3,2
2010-10-25,2,redhat:1|draigBrady:1,1,1,2,2
2010-10-26,2,meyering:1|draigBrady:1,25,6,5,2
2010-10-28,1,gmail:1,0,1,1,1
2010-11-01,1,esperi:1,4,1,1,1
2010-11-03,1,meyering:1,1,1,1,1
2010-11-04,2,redhat:2,7,1,3,2
2010-11-05,1,cs:1,484,120,11,1
2010-11-06,3,meyering:2|cs:1,49,9,5,3
2010-11-07,2,meyering:1|draigBrady:1,12,5,3,2
2010-11-08,1,draigBrady:1,1,1,1,1
2010-11-09,1,draigBrady:1,6,2,1,1
2010-11-10,4,meyering:2|draigBrady:1|cs:1,163,87,12,4
2010-11-13,7,meyering:6|cs:1,31,332,20,7
2010-11-14,6,meyering:6,754,2295,404,6
2010-11-15,1,draigBrady:1,17,0,2,1
2010-11-16,4,draigBrady:2|meyering:2,15,2,4,4
2010-11-17,3,meyering:3,371,371,371,3
2010-11-18,4,meyering:2|cs:2,101,35,8,4
2010-11-19,1,meyering:1,1,1,1,1
2010-11-21,1,cs:1,15,0,3,1
2010-11-24,2,draigBrady:2,33,10,2,2
2010-11-25,1,draigBrady:1,5,0,1,1
2010-11-27,2,meyering:2,42,0,3,2
2010-11-28,1,meyering:1,48,0,2,1
2010-11-30,1,cs:1,6,3,2,1
2010-12-01,1,cs:1,1,1,1,1
2010-12-03,10,cs:10,127,82,11,10
2010-12-04,1,meyering:1,2,2,1,1
2010-12-05,1,meyering:1,0,1,1,1
2010-12-06,1,gmail:1,12,10,3,1
2010-12-08,1,draigBrady:1,59,36,2,1
2010-12-10,2,cs:1|gmail:1,112,65,2,2
2010-12-11,4,cs:1|meyering:3,75,58,4,4
2010-12-12,1,cs:1,45,0,2,1
2010-12-13,4,meyering:2|cs:2,158,111,6,4
2010-12-14,4,cs:3|meyering:1,18,19,7,4
2010-12-15,1,meyering:1,1,1,1,1
2010-12-16,3,cs:3,198,119,9,3
2010-12-17,3,cs:1|meyering:2,70,0,4,3
2010-12-18,5,draigBrady:4|cs:1,49,28,13,5
2010-12-19,1,meyering:1,1,1,1,1
2010-12-20,3,draigBrady:1|cs:1|meyering:1,7,9,6,3
2010-12-22,9,meyering:6|cs:3,48,66,12,9
2010-12-23,1,cs:1,16,8,1,1
2010-12-24,1,meyering:1,0,1,1,1
2010-12-28,1,cs:1,472,232,60,1
2010-12-30,2,draigBrady:1|redhat:1,40,14,6,2
2010-12-31,1,redhat:1,39,11,3,1
2011-01-01,2,meyering:2,656,656,656,2
2011-01-04,4,meyering:4,16,11,6,4
2011-01-05,2,draigBrady:2,100,41,8,2
2011-01-08,1,meyering:1,103,4,4,1
2011-01-10,1,meyering:1,1,1,1,1
2011-01-11,4,math:1|cs:2|draigBrady:1,27,121,7,4
2011-01-12,1,meyering:1,4,8,1,1
2011-01-13,1,draigBrady:1,9,7,4,1
2011-01-14,2,redhat:1|draigBrady:1,30,10,4,2
2011-01-17,4,iki:1|meyering:3,44,3,6,4
2011-01-18,3,meyering:3,11,3,3,3
2011-01-20,2,meyering:2,2,2,2,2
2011-01-21,2,cs:1|meyering:1,40,14,2,2
2011-01-22,4,meyering:4,40,47,4,4
2011-01-24,3,meyering:2|redhat:1,20,3,3,3
2011-01-25,4,meyering:3|linux-m68k:1,11,5,4,4
2011-01-27,8,draigBrady:1|meyering:7,242,167,12,8
2011-01-28,3,meyering:3,97,89,9,3
2011-01-30,3,meyering:3,10,5,4,3
2011-01-31,10,meyering:9|draigBrady:1,78,38,17,10
2011-02-02,3,meyering:2|draigBrady:1,12,3,4,3
2011-02-04,5,meyering:4|draigBrady:1,46,13,12,5
2011-02-05,1,meyering:1,2,16,1,1
2011-02-07,3,meyering:3,39,647,17,3
2011-02-08,2,meyering:1|draigBrady:1,21,35,3,2
2011-02-09,2,meyering:2,10,4,3,2
2011-02-10,3,meyering:2|draigBrady:1,24,16,4,3
2011-02-11,1,draigBrady:1,162,16,4,1
2011-02-13,1,draigBrady:1,20,9,3,1
2011-02-14,1,cs:1,0,4,1,1
2011-02-18,2,free:1|meyering:1,9,2,2,2
2011-02-19,1,free:1,3,3,1,1
2011-02-22,1,draigBrady:1,248,8,6,1
2011-02-24,1,draigBrady:1,27,27,1,1
2011-02-25,2,draigBrady:2,30,20,3,2
2011-03-02,2,meyering:2,65,12,8,2
2011-03-05,3,draigBrady:2|cs:1,46,17,4,3
2011-03-07,1,draigBrady:1,28,11,1,1
2011-03-12,1,draigBrady:1,2,22,2,1
2011-03-13,1,meyering:1,78,56,6,1
2011-03-14,1,meyering:1,38,139,28,1
2011-03-16,1,meyering:1,6,2,1,1
2011-03-19,2,draigBrady:1|meyering:1,37,30,3,2
2011-03-20,2,cs:1|meyering:1,19,9,2,2
2011-03-22,3,dwheeler:1|meyering:2,17,4,5,3
2011-03-28,4,meyering:2|fedoraproject:1|draigBrady:1,62,9,8,4
2011-03-30,1,draigBrady:1,42,3,4,1
2011-03-31,3,meyering:2|draigBrady:1,102,27,15,3
2011-04-01,1,redhat:1,4,3,1,1
2011-04-02,3,meyering:3,8,8,3,3
2011-04-03,5,meyering:5,24,5,6,5
2011-04-05,2,draigBrady:2,109,89,3,2
2011-04-07,1,draigBrady:1,1,1,1,1
2011-04-09,2,draigBrady:1|meyering:1,10,10,9,2
2011-04-10,3,meyering:3,479,501,4,3
2011-04-11,3,meyering:3,5,5,4,3
2011-04-12,2,meyering:1|draigBrady:1,1,2,2,2
2011-04-13,4,draigBrady:2|meyering:2,29,15,7,4
2011-04-17,1,redhat:1,4,0,2,1
2011-04-20,5,meyering:5,71,22,7,5
2011-04-21,2,meyering:2,11,3,2,2
2011-04-22,1,kosh:1,2,1,2,1
2011-04-23,3,meyering:3,13,6,4,3
2011-04-24,3,oracle:1|meyering:2,97,39,33,3
2011-04-25,2,meyering:2,15,11,2,2
2011-04-26,6,meyering:5|draigBrady:1,52,61,15,6
2011-04-28,3,meyering:2|redhat:1,71,89,13,3
2011-04-29,3,meyering:2|gnu:1,251,23,4,3
2011-04-30,2,meyering:2,41,12,3,2
2011-05-01,3,meyering:3,0,4,3,3
2011-05-02,1,oracle:1,1,1,1,1
2011-05-03,2,meyering:2,6,3,2,2
2011-05-05,2,draigBrady:1|meyering:1,5,5,2,2
2011-05-06,1,draigBrady:1,7,1,2,1
2011-05-07,1,meyering:1,1,0,1,1
2011-05-08,1,meyering:1,2,2,1,1
2011-05-10,1,draigBrady:1,16,17,14,1
2011-05-11,3,meyering:3,125,46,9,3
2011-05-12,1,meyering:1,0,2,2,1
2011-05-13,4,meyering:3|draigBrady:1,180,23,18,4
2011-05-17,1,draigBrady:1,2,2,1,1
2011-05-18,1,draigBrady:1,30,1,4,1
2011-05-19,2,meyering:1|draigBrady:1,13,11,8,2
2011-05-20,3,draigBrady:3,39,9,5,3
2011-05-21,1,gmail:1,2,2,1,1
2011-05-22,2,meyering:2,2,2,2,2
2011-05-23,3,meyering:2|gnu:1,11,3,3,3
2011-05-24,6,draigBrady:2|gmail:1|meyering:3,63,20,10,6
2011-05-25,8,meyering:6|bernhard-voelker:1|draigBrady:1,79,39,18,8
2011-05-26,1,draigBrady:1,53,21,3,1
2011-05-27,4,draigBrady:2|meyering:1|redhat:1,35,23,11,4
2011-05-28,2,meyering:2,44,28,4,2
2011-05-29,2,meyering:2,1,15,3,2
2011-05-31,1,cs:1,2,2,1,1
2011-06-01,2,meyering:2,10,3,2,2
2011-06-02,1,draigBrady:1,13,0,2,1
2011-06-03,3,meyering:2|draigBrady:1,6,20,12,3
2011-06-04,1,meyering:1,2,1,2,1
2011-06-11,2,meyering:1|gnu:1,84,120,14,2
2011-06-13,6,draigBrady:1|meyering:5,27,14,6,6
2011-06-14,3,meyering:3,172,179,77,3
2011-06-17,5,meyering:4|draigBrady:1,42,37,9,5
2011-06-18,4,gmail:3|draigBrady:1,141,22,6,4
2011-06-19,2,gnu:1|meyering:1,8,9,3,2
2011-06-20,3,bernhard-voelker:1|meyering:2,7,9,3,3
2011-06-21,2,bernhard-voelker:2,13,4,2,2
2011-06-22,1,meyering:1,0,25,1,1
2011-06-24,2,draigBrady:1|meyering:1,7,5,3,2
2011-06-25,2,meyering:2,5,3,4,2
2011-06-30,1,clisp:1,11,6,1,1
2011-07-01,1,draigBrady:1,6,1,1,1
2011-07-05,1,meyering:1,4,0,2,1
2011-07-06,1,draigBrady:1,108,8,5,1
2011-07-07,3,fsfe:1|debian:1|meyering:1,58,6,7,3
2011-07-08,6,fsfe:2|draigBrady:3|meyering:1,73,11,11,6
2011-07-11,2,fsfe:2,4,0,3,2
2011-07-12,2,redhat:1|meyering:1,3,2,3,2
2011-07-13,1,fsfe:1,4,0,2,1
2011-07-14,2,bernhard-voelker:1|cs:1,4,3,2,2
2011-07-15,7,draigBrady:2|cs:5,36,20,8,7
2011-07-16,3,cs:3,55,32,4,3
2011-07-17,2,cs:2,7,1,2,2
2011-07-18,2,draigBrady:1|gmail:1,79,23,7,2
2011-07-19,2,draigBrady:1|gentoo:1,26,10,4,2
2011-07-20,1,draigBrady:1,0,2,1,1
2011-07-21,1,draigBrady:1,28,18,2,1
2011-07-22,1,cs:1,10,4,1,1
2011-07-24,1,meyering:1,11,8,2,1
2011-07-25,4,meyering:2|cs:1|bernhard-voelker:1,99,6,13,4
2011-07-26,2,meyering:2,10,3,3,2
2011-07-27,4,draigBrady:2|meyering:2,114,43,5,4
2011-07-31,3,cs:1|meyering:1|draigBrady:1,15,3,4,3
2011-08-04,4,gmail:2|meyering:2,807,769,257,4
2011-08-07,1,meyering:1,5,0,1,1
2011-08-08,3,cs:1|meyering:2,23,1,3,3
2011-08-09,1,meyering:1,2,1,2,1
2011-08-11,1,cs:1,64,42,4,1
2011-08-12,1,cs:1,1,5,2,1
2011-08-19,1,meyering:1,46,1,4,1
2011-08-20,1,unix-ag:1,1,1,1,1
2011-08-24,3,draigBrady:1|meyering:2,21,11,6,3
2011-08-25,1,draigBrady:1,3,1,1,1
2011-08-30,2,draigBrady:1|meyering:1,13,2,4,2
2011-09-01,12,draigBrady:5|meyering:6|bernhard-voelker:1,89,53,17,12
2011-09-02,2,draigBrady:1|clisp:1,15,1,3,2
2011-09-05,1,bernhard-voelker:1,8,0,1,1
2011-09-06,1,meyering:1,6,1,2,1
2011-09-07,2,meyering:1|bernhard-voelker:1,24,2,7,2
2011-09-08,7,meyering:5|gentoo:2,56,9,11,7
2011-09-12,1,meyering:1,25,1,1,1
2011-09-13,1,redhat:1,1,1,1,1
2011-09-16,1,draigBrady:1,69,4,4,1
2011-09-17,2,cs:1|sc3d:1,8,5,3,2
2011-09-19,6,meyering:3|clisp:1|bernhard-voelker:2,25,3,7,6
2011-09-21,1,draigBrady:1,17,9,2,1
2011-09-24,1,meyering:1,1,1,1,1
2011-09-27,1,meyering:1,52,1,4,1
2011-09-28,1,meyering:1,1,1,1,1
2011-09-30,1,meyering:1,2,2,2,1
2011-10-01,5,draigBrady:2|meyering:3,89,33,7,5
2011-10-03,2,meyering:2,44,6,6,2
2011-10-05,1,meyering:1,5,4,1,1
2011-10-08,3,meyering:3,25,1,3,3
2011-10-09,4,meyering:3|draigBrady:1,13,186,10,4
2011-10-12,2,meyering:2,6,3,4,2
2011-10-13,1,draigBrady:1,16,5,1,1
2011-10-16,3,meyering:3,60,23,6,3
2011-10-17,1,draigBrady:1,10,14,1,1
2011-10-18,4,cs:1|meyering:3,87,60,6,4
2011-10-20,3,gentoo:1|gmail:1|meyering:1,152,5,7,3
2011-10-24,2,meyering:1|redhat:1,6,13,4,2
2011-10-25,1,meyering:1,9,1,2,1
2011-10-27,2,meyering:2,38,6,3,2
2011-10-28,1,meyering:1,13,2,1,1
2011-10-30,4,meyering:4,5,4,5,4
2011-11-01,3,meyering:2|draigBrady:1,16,7,4,3
2011-11-02,2,meyering:2,3,2,3,2
2011-11-03,1,draigBrady:1,13,2,1,1
2011-11-04,2,meyering:2,3,1,2,2
2011-11-05,1,meyering:1,1,1,1,1
2011-11-08,2,redhat:1|meyering:1,17,7,4,2
2011-11-10,1,meyering:1,4,0,1,1
2011-11-11,2,cs:2,227,22,6,2
2011-11-12,7,cs:2|meyering:4|gnu:1,105,8,11,7
2011-11-13,4,meyering:3|esperi:1,6,6,5,4
2011-11-15,6,cs:4|redhat:1|gmx:1,85,75,7,6
2011-11-16,1,redhat:1,8,8,1,1
2011-11-18,1,meyering:1,129,69,1,1
2011-11-19,1,unix-ag:1,5,5,1,1
2011-11-20,6,meyering:5|cs:1,74,24,12,6
2011-11-22,4,meyering:4,307,225,149,4
2011-11-23,2,meyering:2,88,8,3,2
2011-11-24,2,meyering:2,2,2,2,2
2011-11-27,3,meyering:3,10,4,3,3
2011-11-28,1,meyering:1,1,1,1,1
2011-11-29,3,meyering:1|redhat:2,4,11,5,3
2011-12-01,2,bernhard-voelker:1|redhat:1,8,27,7,2
2011-12-03,3,meyering:3,46,43,9,3
2011-12-04,1,meyering:1,12,14,2,1
2011-12-05,3,cs:3,11,10,3,3
2011-12-08,1,meyering:1,10,1,3,1
2011-12-09,1,meyering:1,1,11,2,1
2011-12-11,1,meyering:1,89,25,4,1
2011-12-12,1,cs:1,33,4,1,1
2011-12-14,1,cs:1,19,4,3,1
2011-12-17,2,meyering:2,27,6,2,2
2011-12-20,1,meyering:1,4,2,1,1
2011-12-22,3,meyering:3,166,111,11,3
2011-12-24,1,meyering:1,40,40,1,1
2011-12-26,2,meyering:1|draigBrady:1,54,22,6,2
2011-12-27,1,draigBrady:1,527,10,15,1
2011-12-28,2,meyering:2,6,2,2,2
2011-12-29,1,meyering:1,46,8,2,1
2011-12-30,1,meyering:1,6,0,1,1
2011-12-31,1,meyering:1,1,1,1,1
2012-01-01,5,meyering:5,756,728,692,5
2012-01-02,1,meyering:1,7,4,1,1
2012-01-03,4,draigBrady:2|meyering:2,17,14,4,4
2012-01-04,2,meyering:1|draigBrady:1,27,15,3,2
2012-01-05,5,meyering:3|clisp:1|draigBrady:1,128,9,14,5
2012-01-06,6,meyering:6,43,22,12,6
2012-01-07,8,meyering:8,726,816,375,8
2012-01-08,3,meyering:3,669,669,177,3
2012-01-09,3,meyering:3,72,51,13,3
2012-01-11,1,draigBrady:1,2,2,2,1
2012-01-14,1,meyering:1,1,1,1,1
2012-01-20,1,draigBrady:1,2,2,2,1
2012-01-22,2,cs:1|gmail:1,319,215,33,2
2012-01-23,2,meyering:2,28,42,7,2
2012-01-24,1,draigBrady:1,1,1,1,1
2012-01-25,3,draigBrady:3,30,16,4,3
2012-01-26,1,draigBrady:1,0,3,1,1
2012-01-27,3,meyering:3,349,377,348,3
2012-01-29,1,gmail:1,116,4,5,1
2012-01-30,3,meyering:2|draigBrady:1,10,10,5,3
2012-02-01,1,meyering:1,89,3,4,1
2012-02-04,2,gmail:1|redhat:1,283,66,7,2
2012-02-05,1,gmail:1,8,6,1,1
2012-02-06,1,redhat:1,93,0,2,1
2012-02-11,2,meyering:2,70,26,4,2
2012-02-12,1,meyering:1,1,1,1,1
2012-02-13,3,draigBrady:1|meyering:2,137,14,6,3
2012-02-16,1,bernhard-voelker:1,3,2,3,1
2012-02-17,1,draigBrady:1,1,1,1,1
2012-02-18,1,gmail:1,1,1,1,1
2012-02-19,3,gmail:2|meyering:1,80,5,7,3
2012-02-20,1,draigBrady:1,1,3,1,1
2012-02-24,2,meyering:1|bernhard-voelker:1,2,2,2,2
2012-02-25,1,cs:1,7,7,1,1
2012-02-26,1,gmail:1,3,2,1,1
2012-02-27,2,romanr:1|bernhard-voelker:1,160,5,6,2
2012-02-29,1,sdfg:1,3,1,2,1
2012-03-01,2,draigBrady:1|gmail:1,144,57,8,2
2012-03-02,1,draigBrady:1,12,2,1,1
2012-03-03,1,meyering:1,14,0,1,1
2012-03-04,1,gmail:1,121,39,4,1
2012-03-08,3,meyering:1|cs:2,109,19,9,3
2012-03-09,3,bernhard-voelker:1|gmail:2,80,37,6,3
2012-03-11,1,cs:1,88,0,2,1
2012-03-13,1,redhat:1,56,5,1,1
2012-03-14,3,redhat:3,35,21,6,3
2012-03-16,3,draigBrady:2|meyering:1,32,27,3,3
2012-03-17,3,draigBrady:1|meyering:2,12,42,3,3
2012-03-18,1,meyering:1,2,2,1,1
2012-03-20,3,meyering:3,17,4,4,3
2012-03-22,4,draigBrady:3|redhat:1,272,94,14,4
2012-03-23,2,meyering:2,30,30,2,2
2012-03-26,5,meyering:5,19,10,8,5
2012-03-27,2,cs:2,33,1,3,2
2012-03-28,1,cs:1,1,15,2,1
2012-04-02,1,meyering:1,5,1,1,1
2012-04-03,5,meyering:5,474,465,141,5
2012-04-04,4,meyering:3|linux-m68k:1,15,6,4,4
2012-04-05,2,gnu:1|bernhard-voelker:1,106,17,8,2
2012-04-10,1,bernhard-voelker:1,94,39,4,1
2012-04-12,1,draigBrady:1,41,4,5,1
2012-04-14,1,gnu:1,1,1,1,1
2012-04-16,2,meyering:2,12,10,3,2
2012-04-18,4,meyering:3|ie:1,52,58,23,4
2012-04-19,1,meyering:1,1,1,1,1
2012-04-22,1,gmail:1,1,1,1,1
2012-04-27,4,meyering:4,83,25,8,4
2012-04-30,2,meyering:2,31,15,4,2
2012-05-01,1,draigBrady:1,3,0,1,1
2012-05-04,3,meyering:3,103,6,9,3
2012-05-06,1,meyering:1,1,1,1,1
2012-05-07,3,meyering:3,14,2,4,3
2012-05-08,2,draigBrady:1|meyering:1,72,16,4,2
2012-05-09,2,cs:2,73,35,10,2
2012-05-10,6,meyering:6,83,8,13,6
2012-05-14,1,meyering:1,19,0,3,1
2012-05-15,1,draigBrady:1,12,3,4,1
2012-05-16,2,meyering:2,9,3,5,2
2012-05-17,1,gentoo:1,2,0,1,1
2012-05-20,1,meyering:1,2,1,1,1
2012-05-24,2,meyering:2,12,3,4,2
2012-05-25,2,meyering:2,17,868,20,2
2012-05-28,1,draigBrady:1,9,0,3,1
2012-05-29,1,meyering:1,4,4,3,1
2012-06-01,1,meyering:1,11,0,3,1
2012-06-05,2,meyering:2,36,9,5,2
2012-06-06,1,meyering:1,13,0,1,1
2012-06-09,1,iki:1,0,1,1,1
2012-06-12,1,meyering:1,3,2,2,1
2012-06-20,1,bernhard-voelker:1,7,8,1,1
2012-06-21,1,bernhard-voelker:1,3,3,2,1
2012-06-22,3,draigBrady:3,68,19,12,3
2012-06-26,1,draigBrady:1,6,3,2,1
2012-06-29,1,meyering:1,3,1,1,1
2012-06-30,2,meyering:2,9,3,4,2
2012-07-01,2,draigBrady:2,107,7,7,2
2012-07-02,3,draigBrady:1|cs:2,22,31,3,3
2012-07-03,2,meyering:2,15,6,2,2
2012-07-04,2,meyering:1|draigBrady:1,101,65,7,2
2012-07-05,2,cs:2,118,80,2,2
2012-07-10,1,cs:1,8,3,1,1
2012-07-11,1,bernhard-voelker:1,11,3,1,1
2012-07-12,2,gmail:1|draigBrady:1,59,55,2,2
2012-07-13,2,clisp:1|draigBrady:1,75,2,6,2
2012-07-15,4,meyering:4,37,44,8,4
2012-07-16,1,draigBrady:1,2,2,3,1
2012-07-18,1,99main:1,6,5,1,1
2012-07-20,3,schmitz-digital:2|meyering:1,1,46,4,3
2012-07-21,2,meyering:1|unix-ag:1,7,4,3,2
2012-07-22,1,draigBrady:1,2,0,1,1
2012-07-23,1,draigBrady:1,10,1,4,1
2012-07-25,1,meyering:1,1,1,1,1
2012-07-27,2,meyering:2,54,51,10,2
2012-08-02,3,meyering:2|redhat:1,223,87,6,3
2012-08-04,2,meyering:1|bernhard-voelker:1,60,4,5,2
2012-08-05,2,meyering:2,5,1,2,2
2012-08-06,1,meyering:1,1,1,1,1
2012-08-07,1,redhat:1,75,4,10,1
2012-08-08,1,draigBrady:1,10,1,2,1
2012-08-09,1,redhat:1,113,10,5,1
2012-08-12,2,meyering:2,6,3,4,2
2012-08-14,1,bernhard-voelker:1,103,4,5,1
2012-08-15,2,meyering:2,58,5,5,2
2012-08-16,2,meyering:2,4,4,2,2
2012-08-17,1,cs:1,1,35,1,1
2012-08-18,4,meyering:2|cs:1|justemail:1,50,4,9,4
2012-08-19,1,meyering:1,1,1,1,1
2012-08-20,2,meyering:2,6,3,4,2
2012-08-22,2,bernhard-voelker:1|gmail:1,80,17,12,2
2012-08-26,4,gmail:1|meyering:3,229,232,6,4
2012-08-29,24,meyering:2|oracle:1|gmail:21,607,585,34,24
2012-08-30,18,gmail:16|meyering:1|bernhard-voelker:1,1209,1515,521,18
2012-08-31,11,bernhard-voelker:1|meyering:4|unix-ag:1|gmail:4|redhat:1,255,43,11,11
2012-09-01,23,gmail:19|meyering:4,1166,1100,42,23
2012-09-02,19,meyering:2|gmail:17,1329,1384,463,19
2012-09-04,5,meyering:3|gmplib:1|draigBrady:1,121,45,12,5
2012-09-05,2,meyering:2,13,9,3,2
2012-09-06,3,draigBrady:1|redhat:1|meyering:1,44,1,5,3
2012-09-07,1,meyering:1,5,0,1,1
2012-09-08,3,meyering:3,111,78,24,3
2012-09-09,4,meyering:4,51,46,10,4
2012-09-10,2,meyering:2,296,5,4,2
2012-09-11,4,bernhard-voelker:2|gmail:2,103,35,7,4
2012-09-12,1,draigBrady:1,33,14,2,1
2012-09-13,1,meyering:1,163,9,3,1
2012-09-14,4,meyering:3|draigBrady:1,60,11,6,4
2012-09-15,1,meyering:1,8,4,1,1
2012-09-16,5,draigBrady:1|meyering:2|gmplib:2,7077,2861,21,5
2012-09-18,5,justemail:1|meyering:4,16,6,6,5
2012-09-19,5,meyering:4|lysator:1,84,68,7,5
2012-09-20,1,meyering:1,1,304,4,1
2012-09-23,2,meyering:1|bernhard-voelker:1,129,1,4,2
2012-09-24,1,uhulinux:1,38,6,4,1
2012-09-28,2,draigBrady:1|meyering:1,3,2,3,2
2012-09-29,2,meyering:1|bernhard-voelker:1,87,1,4,2
2012-09-30,1,meyering:1,2,1,1,1
2012-10-04,1,meyering:1,10,8,1,1
2012-10-05,1,meyering:1,3,0,1,1
2012-10-07,1,meyering:1,6,0,1,1
2012-10-08,2,draigBrady:2,71,6,4,2
2012-10-13,1,nikolaskallis:1,1,0,1,1
2012-10-15,3,justemail:3,27,8,5,3
2012-10-16,1,meyering:1,46,3,4,1
2012-10-17,1,meyering:1,1,1,1,1
2012-10-21,1,meyering:1,1,0,1,1
2012-10-22,1,draigBrady:1,1,1,1,1
2012-10-23,7,draigBrady:5|meyering:1|gentoo:1,29,17,10,7
2012-10-24,2,draigBrady:2,27,66,6,2
2012-10-25,3,draigBrady:1|meyering:2,18,12,5,3
2012-10-26,1,draigBrady:1,1,1,1,1
2012-10-27,1,bernhard-voelker:1,112,67,4,1
2012-10-29,3,draigBrady:2|gmail:1,38,18,5,3
2012-10-30,3,draigBrady:3,38,5,6,3
2012-11-01,1,bernhard-voelker:1,6,1,2,1
2012-11-04,1,draigBrady:1,1,1,1,1
2012-11-05,1,bernhard-voelker:1,1,1,1,1
2012-11-09,2,cs:1|bernhard-voelker:1,24,7,2,2
2012-11-11,1,bernhard-voelker:1,0,8,1,1
2012-11-12,3,cs:3,2105,2052,8,3
2012-11-13,2,meyering:1|cs:1,1,1,2,2
2012-11-16,1,cs:1,1,1,1,1
2012-11-17,2,cs:1|justemail:1,5,3,2,2
2012-11-18,5,meyering:3|gmail:1|bernhard-voelker:1,26,9,7,5
2012-11-20,3,bernhard-voelker:1|cs:2,13,13,4,3
2012-11-22,4,bernhard-voelker:1|draigBrady:3,44,41,7,4
2012-11-23,2,draigBrady:1|meyering:1,38,2,7,2
2012-11-24,2,bernhard-voelker:1|meyering:1,20,5,4,2
2012-11-29,1,debian:1,4,1,2,1
2012-11-30,1,draigBrady:1,2,2,1,1
2012-12-05,4,bernhard-voelker:1|gmx:1|draigBrady:1|meyering:1,17,23,5,4
2012-12-06,6,draigBrady:2|gmail:2|bernhard-voelker:1|gmx:1,2815,16,19,6
2012-12-07,2,redhat:1|gentoo:1,204,2,8,2
2012-12-08,2,bernhard-voelker:1|meyering:1,50,12,8,2
2012-12-09,1,gmx:1,109,193,4,1
2012-12-12,1,draigBrady:1,97,33,7,1
2012-12-14,3,bernhard-voelker:1|gmail:2,8,3,4,3
2012-12-15,3,bernhard-voelker:1|draigBrady:2,24,6,5,3
2012-12-18,2,sbcglobal:1|draigBrady:1,8,3,3,2
2012-12-19,4,draigBrady:4,44,25,7,4
2012-12-20,3,gmail:1|bernhard-voelker:1|draigBrady:1,18,5,3,3
2012-12-27,1,draigBrady:1,39,25,3,1
2012-12-29,1,meyering:1,14,14,1,1
2013-01-01,2,meyering:2,711,712,711,2
2013-01-04,4,gnu:1|draigBrady:1|justemail:2,44,70,14,4
2013-01-06,2,gnu:1|cs:1,100,104,3,2
2013-01-09,1,draigBrady:1,10,0,3,1
2013-01-11,1,bernhard-voelker:1,1,1,1,1
2013-01-20,1,bernhard-voelker:1,0,47,2,1
2013-01-21,2,scalgo:1|draigBrady:1,472,28,8,2
2013-01-22,3,draigBrady:2|redhat:1,170,62,8,3
2013-01-23,4,bernhard-voelker:2|cs:1|draigBrady:1,249,217,51,4
2013-01-24,1,draigBrady:1,1,1,1,1
2013-01-25,2,par-tec:1|redhat:1,163,41,6,2
2013-01-28,1,bernhard-voelker:1,14,31,4,1
2013-02-01,1,cs:1,11,4,1,1
2013-02-04,1,draigBrady:1,6,1,2,1
2013-02-05,3,draigBrady:1|redhat:1|gmail:1,19,7,6,3
2013-02-07,2,draigBrady:1|meyering:1,97,76,5,2
2013-02-08,1,draigBrady:1,15,1,1,1
2013-02-09,1,draigBrady:1,3,1,1,1
2013-02-10,2,draigBrady:1|justemail:1,234,233,7,2
2013-02-11,2,draigBrady:1|bernhard-voelker:1,12,12,2,2
2013-02-12,2,gmail:2,5,1,2,2
2013-02-14,6,draigBrady:4|bernhard-voelker:1|gmail:1,89,28,13,6
2013-02-15,2,gmail:2,4,2,2,2
2013-02-19,4,draigBrady:2|schmitz-digital:2,54,38,17,4
2013-02-20,2,redhat:1|gmail:1,196,14,5,2
2013-02-22,1,redhat:1,25,5,3,1
2013-02-28,3,ubuntu:1|draigBrady:1|gmail:1,28,26,5,3
2013-03-04,4,gmplib:1|draigBrady:3,15,17,5,4
2013-03-06,2,gmail:2,518,9,9,2
2013-03-12,1,draigBrady:1,9,4,2,1
2013-03-22,4,draigBrady:4,63,28,7,4
2013-03-26,1,draigBrady:1,9,0,2,1
2013-03-27,2,draigBrady:2,27,6,7,2
2013-04-02,1,gmail:1,17,6,3,1
2013-04-03,1,draigBrady:1,28,1,2,1
2013-04-06,1,informatik:1,1,1,1,1
2013-04-12,1,draigBrady:1,40,1,4,1
2013-04-13,1,draigBrady:1,6,0,1,1
2013-04-20,3,bernhard-voelker:2|draigBrady:1,358,59,12,3
2013-04-24,1,draigBrady:1,3,1,2,1
2013-04-25,1,draigBrady:1,15,10,11,1
2013-04-28,2,gmx:1|draigBrady:1,101,35,3,2
2013-04-30,1,draigBrady:1,4,4,1,1
2013-05-04,1,iki:1,43,4,4,1
2013-05-07,2,gmx:2,105,164,4,2
2013-05-11,4,cs:3|meyering:1,91,18,11,4
2013-05-12,1,draigBrady:1,4,2,1,1
2013-05-18,3,cs:3,99,45,10,3
2013-05-24,2,cs:1|meyering:1,7,9,2,2
2013-05-26,1,meyering:1,1,1,1,1
2013-05-27,2,gmail:1|meyering:1,3,2,2,2
2013-06-01,1,meyering:1,15,3,4,1
2013-06-03,2,lisas:1|draigBrady:1,9,7,2,2
2013-06-05,2,bernhard-voelker:1|redhat:1,20,12,4,2
2013-06-12,1,draigBrady:1,2,3,2,1
2013-06-13,1,draigBrady:1,2,0,1,1
2013-06-18,1,draigBrady:1,17,3,2,1
2013-06-20,1,iki:1,8,6,2,1
2013-06-22,2,draigBrady:2,23,7,5,2
2013-06-24,1,iki:1,36,9,4,1
2013-06-26,1,iki:1,53,4,5,1
2013-06-27,1,mimosa:1,6,9,2,1
2013-07-02,5,draigBrady:3|bernhard-voelker:1|booths:1,166,92,17,5
2013-07-04,1,gmail:1,236,56,4,1
2013-07-05,2,draigBrady:1|gmail:1,33,2,2,2
2013-07-06,1,cs:1,1,1,1,1
2013-07-07,1,gmail:1,3,1,1,1
2013-07-09,3,draigBrady:3,46,32,5,3
2013-07-10,1,draigBrady:1,3,1,1,1
2013-07-11,3,draigBrady:2|gmail:1,23,11,3,3
2013-07-18,2,draigBrady:1|rasmusvillemoes:1,45,31,7,2
2013-07-22,2,bernhard-voelker:2,9,6,9,2
2013-07-27,1,bernhard-voelker:1,197,5,5,1
2013-07-28,5,draigBrady:2|bernhard-voelker:1|cs:1|justemail:1,114,110,14,5
2013-07-29,2,bernhard-voelker:1|draigBrady:1,7,3,2,2
2013-08-01,1,bernhard-voelker:1,2,2,2,1
2013-08-02,1,bernhard-voelker:1,323,165,6,1
2013-08-03,2,draigBrady:1|justemail:1,37,33,6,2
2013-08-05,1,meyering:1,2,2,1,1
2013-08-07,2,gmail:1|bernhard-voelker:1,19,16,3,2
2013-08-09,1,draigBrady:1,1,1,1,1
2013-08-10,1,bernhard-voelker:1,5,0,2,1
2013-09-01,1,draigBrady:1,2,2,2,1
2013-09-05,2,lares:1|draigBrady:1,6,2,3,2
2013-09-10,1,bernhard-voelker:1,13,36,2,1
2013-09-12,1,bernhard-voelker:1,13,52,7,1
2013-09-13,1,draigBrady:1,123,4,4,1
2013-09-20,1,draigBrady:1,49,12,5,1
2013-09-21,3,bernhard-voelker:1|draigBrady:2,170,75,11,3
2013-09-22,4,draigBrady:4,14,17,9,4
2013-09-25,1,sergiodj:1,30,1,3,1
2013-10-06,2,gnu:1|draigBrady:1,41,26,3,2
2013-10-07,1,draigBrady:1,2,1,1,1
2013-10-10,1,draigBrady:1,5,3,1,1
2013-10-11,1,redhat:1,2,1,1,1
2013-10-15,2,draigBrady:1|gentoo:1,7,3,2,2
2013-11-01,3,bernhard-voelker:1|draigBrady:2,36,18,6,3
2013-11-04,2,draigBrady:2,72,32,4,2
2013-11-07,5,rm-rf:1|draigBrady:4,275,53,19,5
2013-11-11,1,draigBrady:1,22,19,2,1
2013-11-15,1,draigBrady:1,17,5,1,1
2013-11-16,1,googlemail:1,20,1,4,1
2013-11-18,1,meyering:1,6,0,1,1
2013-11-21,2,bernhard-voelker:2,11,6,3,2
2013-11-22,2,bernhard-voelker:1|draigBrady:1,60,17,5,2
2013-11-23,1,yahoo:1,1,0,1,1
2013-11-26,4,draigBrady:4,52,15,5,4
2013-11-27,4,redhat:1|draigBrady:3,994,182,26,4
2013-11-28,1,draigBrady:1,2,3,1,1
2013-11-29,4,bernhard-voelker:3|draigBrady:1,399,130,7,4
2013-12-01,1,draigBrady:1,3,5,1,1
2013-12-03,3,bernhard-voelker:1|draigBrady:2,118,37,13,3
2013-12-04,4,draigBrady:4,48,16,10,4
2013-12-05,1,draigBrady:1,24,18,1,1
2013-12-06,3,bernhard-voelker:2|cs:1,77,93,7,3
2013-12-07,3,draigBrady:3,20,11,3,3
2013-12-08,1,draigBrady:1,9,5,1,1
2013-12-09,6,bernhard-voelker:1|draigBrady:5,32,30,8,6
2013-12-10,1,draigBrady:1,7,5,1,1
2013-12-11,2,draigBrady:2,37,19,2,2
2013-12-12,4,tigerlee:1|draigBrady:3,32,14,6,4
2013-12-13,3,draigBrady:3,14,7,6,3
2013-12-31,1,iki:1,125,0,5,1
2014-01-02,5,bernhard-voelker:4|draigBrady:1,776,731,734,5
2014-01-04,1,m4x:1,74,0,4,1
2014-01-09,1,bernhard-voelker:1,6,1,1,1
2014-01-10,1,bernhard-voelker:1,29,1,1,1
2014-01-13,1,draigBrady:1,19,6,6,1
2014-01-14,2,draigBrady:2,2,1,2,2
2014-01-17,3,draigBrady:2|intel:1,55,23,11,3
2014-01-21,1,draigBrady:1,11,9,1,1
2014-01-23,1,gmail:1,6,0,1,1
2014-01-25,2,draigBrady:1|liveve:1,53,32,4,2
2014-01-29,3,draigBrady:2|mail:1,144,64,9,3
2014-01-31,1,lysator:1,118,3,5,1
2014-02-09,1,yahoo:1,1,0,1,1
2014-02-20,1,cs:1,20,19,1,1
2014-02-23,1,cs:1,18,4,3,1
2014-02-26,4,bernhard-voelker:2|cs:2,24,5,5,4
2014-02-27,3,cs:2|draigBrady:1,13,3,5,3
2014-03-03,2,draigBrady:2,144,61,7,2
2014-03-05,2,draigBrady:2,38,26,18,2
2014-03-07,2,draigBrady:2,4,5,4,2
2014-03-09,1,yandex:1,1,1,1,1
2014-03-13,2,meyering:1|draigBrady:1,22,10,5,2
2014-03-18,3,cs:1|bernhard-voelker:1|dylex:1,82,16,7,3
2014-03-19,2,chaos:1|draigBrady:1,5,5,4,2
2014-03-20,1,draigBrady:1,17,16,3,1
2014-03-24,2,cs:2,17,13,4,2
2014-03-25,1,bernhard-voelker:1,2,1,1,1
2014-03-26,2,bernhard-voelker:1|draigBrady:1,17,5,5,2
2014-03-29,1,meyering:1,3,3,1,1
2014-03-31,2,cs:2,94,94,6,2
2014-04-02,1,cs:1,47,17,1,1
2014-04-03,3,cs:2|draigBrady:1,24,19,5,3
2014-04-04,1,draigBrady:1,77,56,4,1
2014-04-09,2,draigBrady:2,26,16,9,2
2014-04-10,1,draigBrady:1,2,1,1,1
2014-04-11,1,draigBrady:1,9,1,2,1
2014-04-16,3,bernhard-voelker:1|justemail:1|gmail:1,96,6,6,3
2014-04-17,2,gmail:1|draigBrady:1,3,1,2,2
2014-04-18,1,draigBrady:1,6,2,3,1
2014-04-19,1,draigBrady:1,5,4,1,1
2014-04-21,1,gmail:1,8,8,2,1
2014-04-23,1,gmail:1,2,2,1,1
2014-04-28,1,draigBrady:1,52,33,3,1
2014-04-29,1,draigBrady:1,11,7,2,1
2014-04-30,1,draigBrady:1,87,41,4,1
2014-05-02,2,draigBrady:2,42,39,7,2
2014-05-03,1,meyering:1,3,1,1,1
2014-05-06,2,draigBrady:1|cs:1,175,60,29,2
2014-05-07,1,bernhard-voelker:1,12,10,1,1
2014-05-08,1,meyering:1,24,18,1,1
2014-05-10,3,cs:1|meyering:1|draigBrady:1,76,20,8,3
2014-05-12,4,gmail:1|draigBrady:3,43,6,6,4
2014-05-13,2,draigBrady:2,38,27,4,2
2014-05-16,1,draigBrady:1,176,39,4,1
2014-05-18,2,draigBrady:2,29,26,3,2
2014-05-19,1,draigBrady:1,26,237,14,1
2014-05-22,1,draigBrady:1,11,3,2,1
2014-05-23,2,draigBrady:2,79,75,15,2
2014-05-24,1,cs:1,1,0,1,1
2014-05-25,2,meyering:2,3,3,2,2
2014-05-26,1,draigBrady:1,12,3,1,1
2014-05-29,2,draigBrady:2,36,11,4,2
2014-05-30,1,draigBrady:1,49,20,5,1
2014-06-02,2,gmail:2,4,2,3,2
2014-06-03,1,draigBrady:1,41,38,3,1
2014-06-04,1,draigBrady:1,89,32,3,1
2014-06-05,1,chromium:1,744,149,29,1
2014-06-11,4,draigBrady:3|bernhard-voelker:1,74,34,8,4
2014-06-12,1,draigBrady:1,1,1,1,1
2014-06-13,1,draigBrady:1,6,1,2,1
2014-06-17,1,draigBrady:1,11,19,2,1
2014-06-18,2,draigBrady:2,25,7,4,2
2014-06-19,2,draigBrady:2,22,12,5,2
2014-06-24,2,draigBrady:2,105,6,5,2
2014-06-25,1,redhat:1,27,14,3,1
2014-06-26,2,draigBrady:2,18,22,7,2
2014-06-30,1,draigBrady:1,10,8,4,1
2014-07-01,6,gmail:2|draigBrady:1|meyering:2|chromium:1,67,66,26,6
2014-07-02,3,draigBrady:3,34,19,7,3
2014-07-04,1,bernhard-voelker:1,7,8,4,1
2014-07-11,2,draigBrady:2,25,9,4,2
2014-07-13,4,meyering:1|draigBrady:3,11,6,4,4
2014-07-14,2,draigBrady:2,6,3,2,2
2014-07-15,1,gmail:1,10,9,2,1
2014-07-16,1,draigBrady:1,1,1,1,1
2014-07-17,1,cs:1,11,3,2,1
2014-07-18,7,draigBrady:7,40,26,9,7
2014-07-19,1,cs:1,2,3,2,1
2014-07-29,1,redhat:1,8,5,1,1
2014-08-01,2,bernhard-voelker:1|cs:1,107,39,14,2
2014-08-03,1,norsjovallen:1,1,1,1,1
2014-08-04,1,sc3d:1,1,1,1,1
2014-08-11,1,intomics:1,2,1,2,1
2014-08-18,1,draigBrady:1,8,3,1,1
2014-08-21,2,redhat:1|gmail:1,24,15,2,2
2014-08-22,1,cs:1,12,12,3,1
2014-08-23,2,draigBrady:2,3,3,3,2
2014-09-03,1,cs:1,1,1,1,1
2014-09-05,1,gmail:1,291,138,6,1
2014-09-07,1,bernhard-voelker:1,9,9,1,1
2014-09-08,4,cs:4,296,256,110,4
2014-09-09,3,draigBrady:3,16,6,7,3
2014-09-10,2,draigBrady:2,35,12,3,2
2014-09-11,1,cs:1,44,27,3,1
2014-09-16,2,bernhard-voelker:1|meyering:1,9,10,2,2
2014-09-17,1,draigBrady:1,53,0,4,1
2014-09-18,3,draigBrady:3,147,109,104,3
2014-09-19,2,draigBrady:2,286,41,4,2
2014-09-22,1,avionic-design:1,1,1,1,1
2014-09-23,3,bernhard-voelker:2|mina86:1,4,3,3,3
2014-09-24,2,suse:1|cs:1,8,1,3,2
2014-09-26,2,draigBrady:1|redhat:1,280,85,10,2
2014-10-02,3,bernhard-voelker:1|oracle:1|draigBrady:1,142,49,5,3
2014-10-04,1,bernhard-voelker:1,14,0,1,1
2014-10-06,2,draigBrady:2,70,18,5,2
2014-10-07,3,cs:1|meyering:1|draigBrady:1,475,195,16,3
2014-10-08,2,draigBrady:2,10,8,4,2
2014-10-09,1,gmail:1,1,1,1,1
2014-10-11,1,draigBrady:1,98,25,3,1
2014-10-15,2,draigBrady:2,102,46,7,2
2014-10-16,2,draigBrady:1|bernhard-voelker:1,2,2,2,2
2014-10-23,2,gentoo:1|draigBrady:1,8,10,2,2
2014-10-27,2,draigBrady:2,20,13,3,2
2014-10-29,4,bernhard-voelker:1|draigBrady:3,116,64,12,4
2014-10-31,1,draigBrady:1,21,15,1,1
2014-11-18,2,draigBrady:1|redhat:1,94,119,10,2
2014-11-21,2,draigBrady:2,7,5,3,2
2014-11-22,1,draigBrady:1,44,68,5,1
2014-11-24,1,stoeckmann:1,8,3,2,1
2014-11-25,1,cs:1,2,1,1,1
2014-11-26,1,draigBrady:1,36,35,1,1
2014-11-27,1,draigBrady:1,24,18,6,1
2014-11-28,1,draigBrady:1,2,2,1,1
2014-11-29,1,draigBrady:1,6,4,1,1
2014-12-01,2,redhat:1|draigBrady:1,70,6,5,2
2014-12-03,1,draigBrady:1,13,1,1,1
2014-12-10,1,draigBrady:1,23,3,2,1
2014-12-14,1,chollian:1,109,108,1,1
2014-12-15,1,cs:1,25,12,1,1
2014-12-16,4,cs:1|bernhard-voelker:1|chollian:1|draigBrady:1,372,373,34,4
2014-12-19,1,chollian:1,6,2,1,1
2014-12-25,1,draigBrady:1,16,14,5,1
2014-12-26,1,draigBrady:1,2,1,1,1
2014-12-29,2,draigBrady:2,39,10,5,2
2014-12-30,1,draigBrady:1,4,1,1,1
2015-01-01,4,draigBrady:3|bernhard-voelker:1,763,763,754,4
2015-01-05,1,cs:1,5,1,2,1
2015-01-06,2,gnu:1|meyering:1,23,12,3,2
2015-01-07,1,gmail:1,157,22,5,1
2015-01-08,1,gmail:1,5,1,1,1
2015-01-10,1,draigBrady:1,6,6,4,1
2015-01-12,1,draigBrady:1,28,4,3,1
2015-01-13,1,draigBrady:1,307,259,93,1
2015-01-14,1,bernhard-voelker:1,6,6,6,1
2015-01-19,2,draigBrady:2,5,4,4,2
2015-01-20,1,bernhard-voelker:1,5,5,1,1
2015-01-21,1,draigBrady:1,35,3,3,1
2015-01-23,3,draigBrady:3,192,29,6,3
2015-01-25,1,gnu:1,265,25,8,1
2015-01-29,1,draigBrady:1,13,8,2,1
2015-01-31,1,bernhard-voelker:1,69,51,37,1
2015-02-02,1,draigBrady:1,1,3,1,1
2015-02-03,3,bernhard-voelker:1|draigBrady:1|gmail:1,169,99,13,3
2015-02-05,4,samsung:1|draigBrady:3,202,48,11,4
2015-02-09,5,bernhard-voelker:3|draigBrady:2,58,28,6,5
2015-02-11,3,draigBrady:3,68,62,8,3
2015-02-12,3,bernhard-voelker:2|draigBrady:1,36,11,3,3
2015-02-16,3,draigBrady:3,175,5,8,3
2015-02-17,1,bernhard-voelker:1,13,17,6,1
2015-02-20,1,bernhard-voelker:1,31,49,6,1
2015-02-23,1,bernhard-voelker:1,1,2,1,1
2015-02-27,1,hp:1,5,0,2,1
2015-03-02,1,draigBrady:1,53,47,4,1
2015-03-04,2,gmail:1|bernhard-voelker:1,2,2,2,2
2015-03-05,1,free:1,3,0,1,1
2015-03-07,1,draigBrady:1,3,5,1,1
2015-03-09,1,draigBrady:1,74,2,3,1
2015-03-10,1,gnu:1,26,12,2,1
2015-03-18,1,yahoo:1,33,0,2,1
2015-03-20,2,draigBrady:2,7,7,2,2
2015-03-23,4,jidanni:1|draigBrady:3,31,36,4,4
2015-03-26,2,draigBrady:1|scientia:1,25,18,2,2
2015-03-27,2,gmail:1|cs:1,19,18,3,2
2015-03-28,1,draigBrady:1,702,701,1,1
2015-04-01,1,draigBrady:1,4,3,1,1
2015-04-02,1,draigBrady:1,4,0,1,1
2015-04-05,1,draigBrady:1,16,7,6,1
2015-04-08,1,gmail:1,2,2,1,1
2015-04-13,1,gmail:1,5,4,2,1
2015-04-17,1,draigBrady:1,2,1,1,1
2015-04-22,3,draigBrady:2|gmail:1,136,102,8,3
2015-04-26,2,cs:2,27,24,6,2
2015-04-27,5,draigBrady:5,13,20,12,5
2015-04-28,3,draigBrady:2|chromium:1,10,7,3,3
2015-04-30,2,draigBrady:2,153,81,29,2
2015-05-01,2,draigBrady:2,218,106,37,2
2015-05-02,1,draigBrady:1,244,232,19,1
2015-05-05,1,draigBrady:1,172,23,5,1
2015-05-06,1,draigBrady:1,44,10,3,1
2015-05-09,1,meyering:1,17,7,3,1
2015-05-10,1,cs:1,1,5,1,1
2015-05-11,1,draigBrady:1,82,8,4,1
2015-05-13,2,gmail:1|draigBrady:1,18,8,5,2
2015-05-14,2,draigBrady:1|bernhard-voelker:1,27,14,5,2
2015-05-17,2,draigBrady:2,25,18,5,2
2015-05-18,1,draigBrady:1,0,10,1,1
2015-05-19,1,draigBrady:1,27,22,4,1
2015-05-21,1,draigBrady:1,9,15,3,1
2015-05-22,1,gmail:1,1,1,1,1
2015-05-28,2,draigBrady:2,4,18,4,2
2015-05-29,1,draigBrady:1,6,14,7,1
2015-06-01,2,draigBrady:2,14,5,2,2
2015-06-02,1,draigBrady:1,1,1,1,1
2015-06-03,1,draigBrady:1,1,0,1,1
2015-06-04,1,cs:1,8,4,2,1
2015-06-05,3,cs:3,36,11,6,3
2015-06-06,1,draigBrady:1,10,9,3,1
2015-06-07,1,draigBrady:1,28,3,2,1
2015-06-09,2,draigBrady:2,103,42,7,2
2015-06-15,1,draigBrady:1,47,7,4,1
2015-06-17,1,draigBrady:1,25,9,2,1
2015-06-18,1,draigBrady:1,2,2,1,1
2015-06-19,1,draigBrady:1,67,21,4,1
2015-06-21,1,draigBrady:1,53,13,3,1
2015-06-22,3,draigBrady:3,213,180,6,3
2015-06-23,2,draigBrady:2,66,10,4,2
2015-06-24,1,draigBrady:1,3,3,1,1
2015-06-25,5,draigBrady:5,30,18,10,5
2015-06-26,1,draigBrady:1,1,1,1,1
2015-06-28,2,draigBrady:1|meyering:1,4,5,3,2
2015-06-29,2,gmail:1|meyering:1,5,5,2,2
2015-06-30,3,draigBrady:3,103,29,3,3
2015-07-01,3,draigBrady:3,33,5,5,3
2015-07-02,2,draigBrady:2,30,11,4,2
2015-07-03,6,draigBrady:6,30,26,18,6
2015-07-07,1,draigBrady:1,41,3,3,1
2015-07-09,1,draigBrady:1,2,0,1,1
2015-07-15,3,yahoo:2|draigBrady:1,5,3,3,3
2015-07-17,2,gmail:2,487,424,10,2
2015-07-21,1,draigBrady:1,6,6,2,1
2015-07-23,2,cs:2,26,13,5,2
2015-07-29,1,meyering:1,6,182,3,1
2015-08-05,1,draigBrady:1,216,107,16,1
2015-08-16,3,draigBrady:3,32,15,7,3
2015-08-18,1,bernhard-voelker:1,14,0,1,1
2015-08-20,1,meyering:1,3,3,1,1
2015-08-22,1,cs:1,32,17,1,1
2015-08-27,1,draigBrady:1,17,14,1,1
2015-08-30,1,bernhard-voelker:1,24,15,1,1
2015-08-31,1,draigBrady:1,11,7,4,1
2015-09-01,1,draigBrady:1,1,1,1,1
2015-09-03,1,draigBrady:1,2,1,1,1
2015-09-04,1,draigBrady:1,7,0,4,1
2015-09-08,1,draigBrady:1,8,3,1,1
2015-09-16,1,meyering:1,26,55,1,1
2015-09-17,1,cs:1,1,2,1,1
2015-09-18,1,bernhard-voelker:1,45,35,2,1
2015-09-21,1,canonical:1,12,3,2,1
2015-09-22,4,draigBrady:3|bernhard-voelker:1,119,82,19,4
2015-09-24,1,meyering:1,2,2,1,1
2015-09-26,1,flatcap:1,58,14,6,1
2015-10-02,2,gmail:1|draigBrady:1,12,9,2,2
2015-10-03,4,draigBrady:1|cs:3,38,30,5,4
2015-10-06,1,draigBrady:1,2,2,2,1
2015-10-08,1,draigBrady:1,7,8,4,1
2015-10-10,2,draigBrady:2,7,2,2,2
2015-10-12,1,draigBrady:1,3,7,1,1
2015-10-13,1,draigBrady:1,20,36,4,1
2015-10-14,2,draigBrady:2,81,26,5,2
2015-10-15,4,draigBrady:3|meyering:1,75,54,16,4
2015-10-16,1,cs:1,0,3,1,1
2015-10-17,1,draigBrady:1,45,42,2,1
2015-10-18,4,bernhard-voelker:1|draigBrady:3,20,14,7,4
2015-10-19,2,draigBrady:2,2,2,2,2
2015-10-20,1,draigBrady:1,72,12,5,1
2015-10-21,1,draigBrady:1,12,1,3,1
2015-10-22,2,draigBrady:2,62,50,6,2
2015-10-23,1,draigBrady:1,27,20,4,1
2015-10-26,1,draigBrady:1,35,32,4,1
2015-10-27,1,draigBrady:1,321,269,63,1
2015-10-28,3,draigBrady:3,84,97,25,3
2015-10-30,1,openvz:1,105,104,5,1
2015-11-01,3,draigBrady:3,813,721,103,3
2015-11-02,1,draigBrady:1,1,1,1,1
2015-11-03,5,draigBrady:5,143,23,14,5
2015-11-04,2,draigBrady:2,17,8,4,2
2015-11-06,1,draigBrady:1,39,12,2,1
2015-11-09,1,draigBrady:1,34,9,11,1
2015-11-10,2,draigBrady:2,65,47,43,2
2015-11-11,1,draigBrady:1,14,0,2,1
2015-11-12,1,gmail:1,86,1,3,1
2015-11-18,1,draigBrady:1,9,0,1,1
2015-11-20,1,draigBrady:1,17,0,2,1
2015-11-21,2,draigBrady:2,17,5,2,2
2015-11-22,1,gmail:1,67,2,4,1
2015-11-23,2,draigBrady:2,19,5,3,2
2015-11-25,3,draigBrady:3,24,21,4,3
2015-11-27,2,draigBrady:2,59,22,4,2
2015-11-28,1,bernhard-voelker:1,4,0,2,1
2015-11-30,1,bernhard-voelker:1,91,93,3,1
2015-12-01,2,bernhard-voelker:1|draigBrady:1,4,1,2,2
2015-12-03,1,cs:1,14,7,1,1
2015-12-07,2,cs:1|redhat:1,62,46,3,2
2015-12-13,5,draigBrady:5,126,46,23,5
2015-12-15,3,draigBrady:3,35,23,5,3
2015-12-16,2,draigBrady:2,22,10,3,2
2015-12-17,2,bernhard-voelker:1|draigBrady:1,8,5,2,2
2015-12-21,1,draigBrady:1,32,1,2,1
2015-12-23,1,draigBrady:1,7,1,2,1
2015-12-31,3,cs:3,113,88,8,3
2016-01-01,2,draigBrady:2,768,767,767,2
2016-01-02,3,draigBrady:3,23,7,6,3
2016-01-03,2,bernhard-voelker:1|draigBrady:1,1,2,2,2
2016-01-04,1,draigBrady:1,30,3,4,1
2016-01-06,2,draigBrady:2,57,28,6,2
2016-01-08,6,draigBrady:5|gmail:1,184,71,22,6
2016-01-09,2,draigBrady:2,13,2,4,2
2016-01-10,1,bernhard-voelker:1,8,2,5,1
2016-01-11,1,draigBrady:1,15,6,3,1
2016-01-12,3,draigBrady:3,89,72,16,3
2016-01-13,2,draigBrady:2,4,4,3,2
2016-01-14,4,draigBrady:4,50,10,5,4
2016-01-15,2,draigBrady:2,19,31,2,2
2016-01-16,5,draigBrady:5,36,12,11,5
2016-01-18,4,draigBrady:3|gmail:1,13,18,9,4
2016-01-19,5,draigBrady:5,44,11,8,5
2016-01-20,2,draigBrady:2,6,3,4,2
2016-01-24,1,draigBrady:1,11,5,1,1
2016-01-29,1,vinc17:1,1,2,2,1
2016-02-11,1,m4x:1,26,14,6,1
2016-02-12,3,cs:2|draigBrady:1,169,133,6,3
2016-02-15,1,uddeborg:1,5,3,3,1
2016-02-16,1,gmail:1,2,0,1,1
2016-02-18,1,draigBrady:1,266,65,4,1
2016-02-22,1,cs:1,5,2,1,1
2016-02-23,1,cs:1,64,40,6,1
2016-03-04,1,redhat:1,5,0,1,1
2016-03-06,1,meyering:1,5,1,1,1
2016-03-08,1,redhat:1,36,31,4,1
2016-03-14,1,meyering:1,1,153,5,1
2016-03-17,1,cs:1,176,51,9,1
2016-03-20,1,codewise:1,20,1,3,1
2016-03-31,1,draigBrady:1,6,2,2,1
2016-04-04,1,draigBrady:1,18,3,2,1
2016-04-13,1,plexistor:1,9,2,2,1
2016-04-14,2,bernhard-voelker:2,54,3,8,2
2016-04-17,2,bernhard-voelker:1|gmail:1,117,6,6,2
2016-04-20,3,draigBrady:3,80,34,11,3
2016-04-21,1,draigBrady:1,6,4,2,1
2016-04-25,1,draigBrady:1,5,4,1,1
2016-05-01,2,aiit:1|gmail:1,44,27,5,2
2016-05-03,1,meyering:1,4,2,1,1
2016-05-12,1,draigBrady:1,6,3,2,1
2016-05-15,1,draigBrady:1,1,7,1,1
2016-05-31,2,gmail:2,42,6,3,2
2016-06-01,1,draigBrady:1,9,2,1,1
2016-06-23,2,cs:1|draigBrady:1,51,41,5,2
2016-06-24,2,draigBrady:1|gmail:1,533,425,11,2
2016-06-25,1,cs:1,38,51,1,1
2016-06-26,2,draigBrady:1|cam:1,158,42,5,2
2016-06-29,1,draigBrady:1,5,2,2,1
2016-07-06,1,draigBrady:1,6,5,1,1
2016-07-08,1,redhat:1,90,6,5,1
2016-07-18,3,redhat:3,117,46,7,3
2016-07-25,1,meyering:1,16,9,1,1
2016-07-26,1,bernhard-voelker:1,1,1,1,1
2016-07-27,4,draigBrady:1|bernhard-voelker:2|meyering:1,14,6,6,4
2016-07-28,1,draigBrady:1,2,2,2,1
2016-07-31,1,suse:1,81,34,3,1
2016-08-18,2,draigBrady:2,26,10,4,2
2016-08-28,1,meyering:1,1,1,1,1
2016-09-01,1,draigBrady:1,1,1,1,1
2016-09-06,2,redhat:1|draigBrady:1,106,69,4,2
2016-09-07,2,cs:2,5,3,3,2
2016-09-08,1,gmail:1,166,5,6,1
2016-09-09,3,cs:1|meyering:1|chromium:1,19,18,6,3
2016-09-14,3,meyering:2|ao2:1,7,1,3,3
2016-09-19,1,cs:1,112,53,3,1
2016-09-21,1,draigBrady:1,59,24,4,1
2016-09-22,1,meyering:1,4,0,1,1
2016-10-03,1,meyering:1,3,2,3,1
2016-10-04,2,draigBrady:1|meyering:1,60,11,12,2
2016-10-15,2,meyering:1|draigBrady:1,876,800,85,2
2016-10-16,1,meyering:1,0,11,4,1
2016-10-19,1,draigBrady:1,12,2,5,1
2016-10-21,1,gmail:1,1,1,1,1
2016-10-26,1,draigBrady:1,23,8,3,1
2016-10-31,1,draigBrady:1,1428,24,23,1
2016-11-02,2,gmail:1|draigBrady:1,26,88,9,2
2016-11-03,2,draigBrady:2,63,9,5,2
2016-11-04,1,draigBrady:1,16,0,2,1
2016-11-05,2,draigBrady:2,24,11,4,2
2016-11-06,1,draigBrady:1,4,3,3,1
2016-11-08,3,draigBrady:1|meyering:2,82,123,26,3
2016-11-09,3,draigBrady:3,58,13,9,3
2016-11-13,2,bernhard-voelker:1|draigBrady:1,21,31,14,2
2016-11-15,1,draigBrady:1,5,3,1,1
2016-11-16,1,draigBrady:1,4,4,1,1
2016-11-19,2,draigBrady:2,22,7,9,2
2016-11-22,7,draigBrady:3|bernhard-voelker:3|meyering:1,167,83,16,7
2016-11-23,2,cs:1|draigBrady:1,43,33,3,2
2016-11-24,4,draigBrady:3|bernhard-voelker:1,21,7,7,4
2016-11-25,4,draigBrady:3|cs:1,17,7,8,4
2016-11-26,4,cs:2|draigBrady:2,30,7,4,4
2016-11-27,3,draigBrady:3,39,15,7,3
2016-11-28,3,redhat:1|draigBrady:2,266,43,13,3
2016-11-29,1,draigBrady:1,11,10,3,1
2016-11-30,4,draigBrady:4,8,5,6,4
2016-12-02,1,draigBrady:1,1,1,1,1
2016-12-08,2,lysator:1|gmplib:1,36,3,5,2
2016-12-18,1,draigBrady:1,1,1,1,1
2016-12-20,1,draigBrady:1,2,2,2,1
2016-12-22,1,draigBrady:1,50,11,2,1
2016-12-26,2,draigBrady:1|gmail:1,11,6,7,2
2016-12-27,1,cs:1,4,6,1,1
2017-01-01,1,draigBrady:1,790,783,778,1
2017-01-05,2,gmail:2,181,1,2,2
2017-01-09,3,draigBrady:1|cs:2,376,290,16,3
2017-01-10,2,redhat:1|bernhard-voelker:1,77,71,3,2
2017-01-14,5,cs:4|meyering:1,115,141,31,5
2017-01-15,1,gmail:1,4,0,1,1
2017-01-20,2,cs:2,18,8,4,2
2017-01-21,2,gmail:1|draigBrady:1,13,9,4,2
2017-01-25,2,gmail:1|draigBrady:1,4,2,2,2
2017-01-31,3,draigBrady:3,15,53805,19,3
2017-02-05,1,stoeckmann:1,62,24,4,1
2017-02-06,1,epipe:1,109,16,4,1
2017-02-07,1,gmail:1,1,1,1,1
2017-02-08,1,draigBrady:1,9,1,2,1
2017-02-11,1,cs:1,268,94,10,1
2017-02-12,1,draigBrady:1,3,9,2,1
2017-02-15,2,cs:2,39,59,15,2
2017-02-16,3,cs:2|bernhard-voelker:1,37,37,16,3
2017-02-17,1,draigBrady:1,1,2,2,1
2017-02-20,1,draigBrady:1,55,4,5,1
2017-02-22,1,draigBrady:1,5,1,2,1
2017-02-26,3,draigBrady:3,173,23,9,3
2017-02-27,2,draigBrady:1|gmail:1,391,35,2,2
2017-02-28,1,draigBrady:1,15,11,3,1
2017-03-01,2,draigBrady:2,6,7,3,2
2017-03-03,4,draigBrady:4,20,2,4,4
2017-03-04,2,bernhard-voelker:1|draigBrady:1,2,2,2,2
2017-03-07,1,bernhard-voelker:1,1,1,1,1
2017-03-08,8,gmail:1|draigBrady:7,86,23,12,8
2017-03-09,2,cs:1|draigBrady:1,6,4,2,2
2017-03-11,1,draigBrady:1,6,6,1,1
2017-03-19,3,draigBrady:3,60,26,6,3
2017-03-24,1,heimpold:1,48,42,4,1
2017-03-26,2,suse:1|draigBrady:1,39,19,5,2
2017-03-27,2,draigBrady:1|gnu:1,2,2,2,2
2017-03-28,1,intel:1,86,2,4,1
2017-03-29,1,roaima:1,2,1,1,1
2017-03-30,1,cs:1,4,4,1,1
2017-04-02,1,draigBrady:1,25,6,4,1
2017-04-05,3,cs:1|draigBrady:1|redhat:1,181,16,10,3
2017-04-16,1,hotmail:1,3,3,1,1
2017-04-17,1,op:1,9,1,2,1
2017-04-22,4,cs:4,75,102,8,4
2017-04-24,1,cs:1,37,14,2,1
2017-04-26,2,draigBrady:2,33,1,5,2
2017-04-27,1,cs:1,20,28,1,1
2017-04-29,1,draigBrady:1,14,16,1,1
2017-05-03,2,cyber:1|draigBrady:1,5,5,3,2
2017-05-11,1,gmail:1,5,1,2,1
2017-05-18,1,draigBrady:1,30,8,5,1
2017-05-29,1,redhat:1,8,1,1,1
2017-06-02,2,draigBrady:1|meyering:1,11,5,3,2
2017-06-07,3,draigBrady:3,99,21,7,3
2017-06-10,1,meyering:1,31,23,15,1
2017-06-15,1,draigBrady:1,40,7,3,1
2017-06-16,1,draigBrady:1,54,0,4,1
2017-06-17,1,draigBrady:1,101,221,35,1
2017-06-20,1,meyering:1,3,0,1,1
2017-06-24,1,gmail:1,8,8,2,1
2017-06-27,2,gmail:2,78,19,2,2
2017-06-28,1,gmail:1,410,18,6,1
2017-07-08,2,meyering:2,44,8,5,2
2017-07-09,1,linux-m68k:1,2,2,1,1
2017-07-20,2,cs:2,11,7,7,2
2017-07-23,6,draigBrady:5|meyering:1,21,12,9,6
2017-07-30,4,cs:4,111,124,14,4
2017-08-01,2,cs:1|suse:1,76,41,8,2
2017-08-02,2,cs:1|draigBrady:1,3,2,2,2
2017-08-03,4,cs:2|draigBrady:2,36,8,8,4
2017-08-08,1,gmail:1,1,1,1,1
2017-08-10,1,meyering:1,1,1,1,1
2017-08-11,2,meyering:2,3,4,3,2
2017-08-12,2,meyering:1|draigBrady:1,10,2,2,2
2017-08-13,2,draigBrady:2,18,12,4,2
2017-08-16,1,cs:1,1,1,1,1
2017-08-17,5,cs:5,150,162,7,5
2017-08-19,2,draigBrady:2,17,13,4,2
2017-08-21,2,draigBrady:2,258,46,7,2
2017-08-24,1,draigBrady:1,40,0,4,1
2017-08-27,1,debian:1,66,8,4,1
2017-08-28,4,draigBrady:4,190,14130,59,4
2017-08-29,2,draigBrady:2,16,9,5,2
2017-08-30,8,draigBrady:7|redhat:1,20,103,21,8
2017-08-31,2,draigBrady:2,15,17,2,2
2017-09-01,2,draigBrady:2,6,3,4,2
2017-09-05,1,bernhard-voelker:1,4,0,1,1
2017-09-13,1,bernhard-voelker:1,16,0,3,1
2017-09-15,1,gmail:1,40,15,2,1
2017-09-18,1,cs:1,280,45,11,1
2017-09-19,5,cs:2|draigBrady:3,857,840,783,5
2017-09-20,1,draigBrady:1,8,2,1,1
2017-09-23,1,draigBrady:1,8,11,2,1
2017-09-24,1,cs:1,45,276,11,1
2017-09-30,1,draigBrady:1,29,17,4,1
2017-10-01,1,draigBrady:1,1,0,1,1
2017-10-10,1,draigBrady:1,179,47,6,1
2017-10-11,1,gmail:1,27,5,1,1
2017-10-15,1,draigBrady:1,15,6,3,1
2017-10-16,2,draigBrady:2,35,31,6,2
2017-10-18,1,intra2net:1,18,10,2,1
2017-10-23,2,draigBrady:2,24,11,3,2
2017-10-24,2,debian:1|draigBrady:1,11,11,3,2
2017-10-25,1,vinc17:1,1,1,1,1
2017-10-27,1,meyering:1,4,4,1,1
2017-10-29,1,draigBrady:1,15,8,3,1
2017-11-05,1,draigBrady:1,4,1,1,1
2017-11-06,3,gentoo:1|meyering:2,19,13,11,3
2017-11-09,1,gmail:1,190,0,2,1
2017-11-12,1,draigBrady:1,71,10,4,1
2017-11-13,2,bernhard-voelker:2,19,5,3,2
2017-11-23,1,draigBrady:1,37,1,4,1
2017-11-27,2,bernhard-voelker:2,98,3,4,2
2017-11-28,5,draigBrady:4|bernhard-voelker:1,96,26,19,5
2017-12-01,1,suse:1,13,0,1,1
2017-12-02,1,draigBrady:1,20,16,1,1
2017-12-04,1,redhat:1,1,1,1,1
2017-12-09,5,draigBrady:5,32,17,10,5
2017-12-10,3,draigBrady:2|bernhard-voelker:1,5,5,3,3
2017-12-16,3,draigBrady:2|bernhard-voelker:1,11,4,4,3
2017-12-20,2,draigBrady:2,2,1,2,2
2017-12-21,2,draigBrady:2,7,10,3,2
2017-12-22,2,draigBrady:2,19,5,2,2
2017-12-27,2,draigBrady:2,6,3,4,2
2017-12-28,1,orlitzky:1,2,2,1,1
2018-01-01,1,draigBrady:1,777,777,777,1
2018-01-02,1,draigBrady:1,5,4,1,1
2018-01-03,1,cs:1,7,1,1,1
2018-01-04,2,cs:1|orlitzky:1,39,4,5,2
2018-01-05,1,cs:1,2,12,1,1
2018-01-09,1,hpe:1,8,0,2,1
2018-01-10,3,cs:3,125,70,6,3
2018-01-20,1,draigBrady:1,62,62,1,1
2018-02-19,1,draigBrady:1,22,4,3,1
2018-03-04,1,bernhard-voelker:1,1,1,1,1
2018-03-05,1,cs:1,4,6,1,1
2018-03-06,1,cs:1,1,1,1,1
2018-03-14,1,draigBrady:1,15,5,3,1
2018-03-20,1,rohieb:1,2,2,2,1
2018-03-26,1,stoeckmann:1,39,36,7,1
2018-03-27,2,cs:1|draigBrady:1,33,3,5,2
2018-04-03,2,cs:1|redhat:1,39,33,3,2
2018-04-18,1,draigBrady:1,2,2,1,1
2018-04-19,1,gmail:1,44,1,3,1
2018-04-20,2,draigBrady:1|gmail:1,1266,9,10,2
2018-04-24,1,gmail:1,36,9,1,1
2018-05-01,1,cs:1,1,1,1,1
2018-05-03,5,cs:3|draigBrady:2,54,38,12,5
2018-05-13,1,draigBrady:1,15,7,5,1
2018-05-14,3,cs:1|draigBrady:2,101,39,8,3
2018-05-15,1,draigBrady:1,21,5,4,1
2018-05-17,1,draigBrady:1,26,7,2,1
2018-05-26,1,rhi:1,8,8,2,1
2018-05-29,1,draigBrady:1,2,1,1,1
2018-06-03,1,draigBrady:1,18,16,3,1
2018-06-10,2,draigBrady:2,112,16,11,2
2018-06-13,1,cs:1,19,4,2,1
2018-06-14,1,cs:1,5,5,1,1
2018-06-16,1,gmail:1,47,3,5,1
2018-06-18,1,angband:1,14,2,4,1
2018-06-19,1,meyering:1,0,1,1,1
2018-06-20,1,draigBrady:1,24,12,1,1
2018-06-22,1,bernhard-voelker:1,1,0,1,1
2018-06-23,1,draigBrady:1,7,1,3,1
2018-06-24,2,draigBrady:2,4,66,3,2
2018-06-25,1,datacom:1,1,1,1,1
2018-06-26,5,gmail:2|draigBrady:3,39,38,6,5
2018-06-27,4,draigBrady:4,19,10,6,4
2018-06-30,1,draigBrady:1,9,7,6,1
2018-07-01,3,draigBrady:2|meyering:1,7,4,5,3
2018-07-04,1,draigBrady:1,11,6,7,1
2018-07-05,1,cs:1,8,8,5,1
2018-07-15,1,draigBrady:1,13,3,1,1
2018-07-21,1,gmail:1,6,1,2,1
2018-07-22,2,runbox:1|cs:1,44,13,8,2
2018-07-24,1,redhat:1,144,71,5,1
2018-07-26,1,cs:1,4,2,1,1
2018-07-27,1,cs:1,1,1,1,1
2018-09-23,2,draigBrady:2,81,7,7,2
2018-09-24,2,gmail:1|bernhard-voelker:1,53,18,3,2
2018-10-01,1,rhi:1,2,2,1,1
2018-10-19,3,cs:3,249,195,10,3
2018-10-20,2,cs:1|bernhard-voelker:1,23,22,2,2
2018-10-21,2,bernhard-voelker:2,14,36,4,2
2018-10-22,1,bernhard-voelker:1,63,0,5,1
2018-10-28,2,cs:2,92,81,6,2
2018-11-06,1,cs:1,4,2,1,1
2018-11-07,1,bernhard-voelker:1,9,3,2,1
2018-11-26,1,bernhard-voelker:1,126,141,17,1
2018-12-06,1,redhat:1,5,3,1,1
2018-12-15,3,cs:2|gmail:1,44,20,7,3
2018-12-19,1,gmail:1,13,3,4,1
2018-12-21,1,bernhard-voelker:1,1,3,1,1
2018-12-27,2,gmail:1|draigBrady:1,1463,40,19,2
2018-12-31,1,draigBrady:1,4,2,1,1
2019-01-01,2,gmail:1|draigBrady:1,946,911,788,2
2019-01-04,2,draigBrady:1|bernhard-voelker:1,31,6,4,2
2019-01-05,1,gmail:1,13,4,1,1
2019-01-13,1,draigBrady:1,4,1,2,1
2019-01-19,1,draigBrady:1,12,2,2,1
2019-01-20,2,in:1|draigBrady:1,42,19,7,2
2019-01-25,2,cs:2,9,10,3,2
2019-01-26,3,cs:3,172,29,15,3
2019-01-27,2,draigBrady:2,16,2,2,2
2019-01-29,3,draigBrady:3,23,8,7,3
2019-02-02,1,draigBrady:1,41,3,4,1
2019-02-10,2,draigBrady:2,25,35,9,2
2019-02-11,1,fastmail:1,1,1,1,1
2019-02-15,1,gmail:1,457,0,7,1
2019-02-17,1,draigBrady:1,22,21,2,1
2019-02-18,1,aosc:1,6,1,2,1
2019-02-19,1,uni-bremen:1,8,7,1,1
2019-02-23,2,draigBrady:2,71,3,6,2
2019-02-24,2,cs:2,19,4,4,2
2019-02-25,3,cs:3,15,5,4,3
2019-02-26,1,bernhard-voelker:1,1,1,1,1
2019-03-02,1,gmail:1,25,0,3,1
2019-03-03,3,draigBrady:3,118,14,7,3
2019-03-04,2,draigBrady:2,3,10,2,2
2019-03-05,1,gmail:1,5,5,1,1
2019-03-06,7,draigBrady:7,64,25,7,7
2019-03-07,1,bernhard-voelker:1,286,229,2,1
2019-03-09,2,draigBrady:2,23,17,2,2
2019-03-10,2,draigBrady:2,6,3,4,2
2019-03-14,1,redhat:1,4,1,1,1
2019-03-16,2,cs:1|draigBrady:1,18,1,2,2
2019-03-17,2,cs:2,5,2,2,2
2019-03-19,1,cs:1,35,18,1,1
2019-03-30,2,uni-bremen:1|draigBrady:1,2,2,2,2
2019-03-31,1,ruby-lang:1,5,2,2,1
2019-04-10,1,bernhard-voelker:1,8,1,2,1
2019-05-11,5,cs:5,114,118,6,5
2019-05-13,1,gmail:1,9,2,1,1
2019-05-14,1,cs:1,3,0,1,1
2019-05-15,2,cs:2,21,33,4,2
2019-05-17,1,cs:1,4,0,1,1
2019-05-22,2,uni-bremen:1|kevinlocke:1,6,6,3,2
2019-05-28,2,cs:1|kernel:1,506,211,8,2
2019-05-29,1,cs:1,1,1,1,1
2019-05-30,1,cs:1,96,23,2,1
2019-06-08,1,draigBrady:1,21,9,4,1
2019-06-09,1,draigBrady:1,2,1,1,1
2019-06-14,1,kernel:1,6,6,1,1
2019-06-18,1,cs:1,6,2,1,1
2019-06-19,1,cs:1,9,2,2,1
2019-06-27,1,whamcloud:1,2,2,1,1
2019-07-09,1,gmail:1,915,59,3,1
2019-07-19,1,bernhard-voelker:1,27,24,1,1
2019-07-22,1,bernhard-voelker:1,1,0,1,1
2019-08-01,1,gmail:1,55,1,4,1
2019-08-02,2,gmail:2,1130,0,15,2
2019-08-04,1,gmail:1,22,18,2,1
2019-08-06,1,bernhard-voelker:1,1,2,1,1
2019-08-08,1,draigBrady:1,3,3,2,1
2019-08-09,2,gmail:2,24,1,3,2
2019-08-11,1,clisp:1,4,6,2,1
2019-08-15,1,cs:1,1,1,1,1
2019-09-03,1,fb:1,39,13,2,1
2019-09-04,1,draigBrady:1,10,11,1,1
2019-09-19,1,kernel:1,199,41,5,1
2019-10-03,4,cs:4,22,39,4,4
2019-10-21,1,cs:1,37,25,3,1
2019-10-22,5,cs:5,92,89,20,5
2019-11-11,2,cs:2,95,103,3,2
2019-12-02,2,redhat:1|draigBrady:1,4,2,2,2
2019-12-08,1,bernhard-voelker:1,7,0,1,1
2020-01-01,4,draigBrady:3|emilengler:1,817,800,808,4
2020-01-02,1,draigBrady:1,116,14,5,1
2020-01-29,1,gmail:1,6,2,1,1
2020-01-30,1,draigBrady:1,39,11,5,1
2020-02-02,3,draigBrady:3,7,4,4,3
2020-02-04,1,draigBrady:1,9,13,1,1
2020-02-06,1,meyering:1,4,0,1,1
2020-02-07,1,redhat:1,8,1,1,1
2020-02-09,2,draigBrady:2,16,1,3,2
2020-02-10,1,draigBrady:1,1,1,1,1
2020-02-11,1,debian:1,72,0,4,1
2020-02-15,1,draigBrady:1,4,4,2,1
2020-02-23,1,draigBrady:1,68,13,4,1
2020-02-25,3,draigBrady:3,133,50,4,3
2020-02-27,3,draigBrady:2|gnu:1,7,5,5,3
2020-02-29,3,clisp:1|draigBrady:2,44,9,7,3
2020-03-01,5,clisp:1|draigBrady:4,129,45,10,5
2020-03-04,2,draigBrady:2,61,52,2,2
2020-03-05,3,draigBrady:2|cs:1,14,33,7,3
2020-03-07,1,cs:1,4,9,1,1
2020-03-15,1,bernhard-voelker:1,3,2,1,1
2020-03-28,1,cs:1,1,2,2,1
2020-04-01,1,draigBrady:1,30,7,3,1
2020-04-02,1,draigBrady:1,6,6,1,1
2020-04-19,1,jasonk:1,103,5,5,1
2020-04-21,1,bernhard-voelker:1,7,3,3,1
2020-05-10,1,draigBrady:1,38,10,5,1
2020-05-20,5,cs:5,41,40,8,5
2020-05-23,2,bernhard-voelker:2,10,11,2,2
2020-05-25,1,bernhard-voelker:1,507,2,4,1
2020-05-31,2,cs:2,31,281,12,2
2020-06-01,1,cs:1,9,10,5,1
2020-06-07,1,bernhard-voelker:1,22,8,2,1
2020-06-14,1,stoeckmann:1,11,2,4,1
2020-06-18,1,cs:1,18,11,5,1
2020-06-19,1,bernhard-voelker:1,7,0,2,1
2020-06-20,1,draigBrady:1,4,4,4,1
2020-06-23,2,cs:2,61,68,2,2
2020-06-24,1,cs:1,11,23,1,1
2020-06-25,3,cs:3,246,14,6,3
2020-06-26,1,draigBrady:1,1,1,1,1
2020-06-30,1,linux-m68k:1,1,1,1,1
2020-07-04,1,bernhard-voelker:1,23,0,1,1
2020-07-05,1,bernhard-voelker:1,13,3,1,1
2020-07-06,1,cs:1,1,1,1,1
2020-07-07,2,cs:2,15,204,6,2
2020-07-08,4,cs:4,76,109,12,4
2020-07-10,1,cs:1,16,6,1,1
2020-07-18,1,cs:1,7,3,1,1
2020-07-24,3,cs:3,79,87,4,3
2020-07-27,2,draigBrady:1|cs:1,5,5,3,2
2020-07-28,1,bernhard-voelker:1,2,2,1,1
2020-07-31,1,bernhard-voelker:1,13,6,1,1
2020-08-08,1,yahoo:1,16,6,3,1
2020-08-12,1,draigBrady:1,2,2,1,1
2020-09-29,1,telfort:1,4,4,1,1
2020-10-17,2,g-sokol:2,2,5,2,2
2020-10-19,1,cs:1,9,9,6,1
2020-10-25,5,draigBrady:3|aiit:1|meyering:1,66,21,9,5
2020-10-26,1,redhat:1,3,56,1,1
2020-10-27,3,draigBrady:3,9,6,6,3
2020-11-07,2,draigBrady:2,36,10,4,2
2020-11-11,1,draigBrady:1,15,3,4,1
2020-11-12,1,cs:1,2,0,1,1
2020-11-14,1,draigBrady:1,8,1,3,1
2020-11-18,1,draigBrady:1,6,0,1,1
2020-11-21,4,cs:4,150,219,15,4
2020-11-22,2,bernhard-voelker:1|draigBrady:1,41,12,5,2
2020-11-23,4,cs:2|draigBrady:2,24,24,11,4
2020-11-25,1,meyering:1,0,1,1,1
2020-11-26,2,draigBrady:1|oracle:1,55,1,5,2
2020-11-27,1,iress:1,1,1,1,1
2020-11-30,1,draigBrady:1,12,0,2,1
2020-12-08,1,gmail:1,28,28,3,1
2020-12-11,1,cs:1,1,1,1,1
2020-12-14,1,aiit:1,17,1,3,1
2020-12-15,3,draigBrady:2|cs:1,54,17,6,3
2020-12-18,2,draigBrady:2,17,8,3,2
2020-12-24,1,cs:1,3,2,2,1
2020-12-26,1,yahoo:1,513,69,5,1
2020-12-28,1,draigBrady:1,36,0,2,1
2021-01-01,1,draigBrady:1,823,809,805,1
2021-01-02,2,bernhard-voelker:2,4,3,4,2
2021-01-09,1,cs:1,18,17,1,1
2021-01-15,1,cs:1,22,12,3,1
2021-01-18,1,cs:1,13,1,1,1
2021-01-25,1,draigBrady:1,31,20,3,1
2021-01-26,1,cs:1,21,8,4,1
2021-02-03,1,yahoo:1,381,27,7,1
2021-02-09,1,draigBrady:1,45,2,6,1
2021-02-15,1,unix-ag:1,43,0,3,1
2021-02-16,1,draigBrady:1,119,6,4,1
2021-02-18,1,redhat:1,3,1,2,1
2021-02-20,1,yahoo:1,294,43,4,1
2021-03-13,1,draigBrady:1,49,10,2,1
2021-03-14,1,draigBrady:1,20,13,1,1
2021-03-15,1,draigBrady:1,9,3,2,1
2021-03-21,2,cs:2,47,146,6,2
2021-03-22,1,bernhard-voelker:1,8,5,1,1
2021-03-24,2,cs:2,11,9,2,2
2021-03-25,4,redhat:1|cs:3,17,9,4,4
2021-03-26,7,cs:7,180,104,12,7
2021-03-28,1,cs:1,1,1,1,1
2021-03-29,3,draigBrady:2|cs:1,178,216,5,3
2021-04-10,1,draigBrady:1,32,4,1,1
2021-04-11,3,draigBrady:3,348,335,80,3
2021-04-21,1,bernhard-voelker:1,6,4,1,1
2021-04-26,4,redhat:1|cs:3,43,39,10,4
2021-05-01,2,cs:1|draigBrady:1,73,32,3,2
2021-05-02,1,draigBrady:1,13,7,1,1
2021-05-03,2,draigBrady:2,55,1,9,2
2021-05-06,1,bernhard-voelker:1,2,2,1,1
2021-05-08,2,draigBrady:2,12,2,2,2
2021-05-09,3,draigBrady:3,78,65,11,3
2021-05-10,2,cs:1|draigBrady:1,16,4,3,2
2021-05-12,1,draigBrady:1,45,2,1,1
2021-05-15,2,draigBrady:2,7,619,7,2
2021-06-11,1,cs:1,6,13,8,1
2021-06-20,3,draigBrady:2|mail:1,75,21,7,3
2021-06-21,1,draigBrady:1,0,3,1,1
2021-06-26,3,cs:3,93,111,33,3
2021-06-30,1,redhat:1,16,2,2,1
2021-07-17,2,cs:2,2,2,2,2
2021-07-18,1,cs:1,105,97,8,1
2021-07-25,3,cs:3,220,173,7,3
2021-07-26,2,cs:1|draigBrady:1,12,11,3,2
2021-07-27,3,cs:2|gmail:1,243,230,7,3
2021-07-28,4,cs:2|draigBrady:2,278,251,31,4
2021-07-29,1,draigBrady:1,34,5,1,1
2021-07-31,4,cs:4,4,5,4,4
2021-08-07,1,draigBrady:1,47,8,2,1
2021-08-11,1,cs:1,28,9,2,1
2021-08-14,1,draigBrady:1,1,0,1,1
2021-08-15,1,cs:1,67,63,2,1
2021-08-16,1,gmail:1,16,1,3,1
2021-08-22,4,cs:4,149,123,17,4
2021-08-24,1,draigBrady:1,20,15,5,1
2021-08-25,1,meyering:1,2,2,1,1
2021-08-27,1,cs:1,88,105,3,1
2021-08-29,5,draigBrady:5,301,281,15,5
2021-08-30,2,cs:2,10,9,2,2
2021-09-03,1,gmail:1,1,1,1,1
2021-09-05,3,draigBrady:3,592,632,11,3
2021-09-06,1,draigBrady:1,395,87,15,1
2021-09-07,3,cs:1|draigBrady:2,82,6,9,3
2021-09-09,3,cs:1|draigBrady:2,5,4,4,3
2021-09-10,1,draigBrady:1,14,41,1,1
2021-09-11,2,draigBrady:2,173,51,8,2
2021-09-12,2,draigBrady:2,26,21,7,2
2021-09-13,2,draigBrady:2,85,27,9,2
2021-09-14,2,draigBrady:2,43,26,6,2
2021-09-15,3,draigBrady:1|cs:2,38,30,12,3
2021-09-16,10,cs:1|draigBrady:8|meyering:1,76,63,15,10
2021-09-17,5,draigBrady:4|linux:1,31,25,5,5
2021-09-18,2,meyering:2,19,17,4,2
2021-09-19,1,meyering:1,6,0,1,1
2021-09-20,4,draigBrady:4,41,41,6,4
2021-09-21,2,draigBrady:2,27,13,5,2
2021-09-23,2,draigBrady:2,12,2,2,2
2021-09-24,3,draigBrady:3,46,5,8,3
2021-09-25,1,draigBrady:1,18,17,2,1
2021-09-26,1,draigBrady:1,8,8,1,1
2021-10-02,3,cs:3,13,33,12,3
2021-10-10,2,cs:1|draigBrady:1,177,38,6,2
2021-10-11,1,draigBrady:1,4,1,1,1
2021-10-12,2,draigBrady:2,18,5,5,2
2021-10-21,1,draigBrady:1,19,4,3,1
2021-10-29,1,cs:1,6,9,1,1
2021-10-30,2,cs:2,73,90,3,2
2021-10-31,7,cs:7,308,217,69,7
2021-11-01,1,draigBrady:1,2,4,4,1
2021-11-13,1,draigBrady:1,25,43,1,1
2021-11-15,3,cs:3,3,4,3,3
2021-11-16,3,cs:3,7,4,3,3
2021-11-17,1,cs:1,26,29,2,1
2021-11-18,1,cs:1,51,48,14,1
2021-11-20,1,cs:1,44,24,3,1
2021-11-21,2,cs:2,38,19,4,2
2021-12-06,1,cs:1,39,36,1,1
2021-12-10,2,cs:2,10,1,3,2
2021-12-11,1,meyering:1,1,1,1,1
2021-12-14,1,cs:1,5,1,2,1
2021-12-16,3,cs:2|clisp:1,112,116,3,3
2021-12-18,1,cs:1,96,96,39,1
2021-12-19,2,cs:1|meyering:1,7,4,2,2
2021-12-20,3,meyering:2|bernhard-voelker:1,30,12,7,3
2021-12-24,2,cs:2,20,22,11,2
2021-12-27,1,gmail:1,7,2,2,1
2021-12-28,2,cs:2,2,6,2,2
2021-12-31,5,cs:5,107,18,11,5
2022-01-02,2,draigBrady:2,814,813,814,2
2022-01-04,1,eworm:1,1,0,1,1
2022-01-05,1,cs:1,1,4,1,1
2022-01-12,3,googlemail:1|cs:2,365,255,12,3
2022-01-13,1,cs:1,1,1,1,1
2022-01-14,5,cs:5,43,70,10,5
2022-01-15,1,cs:1,0,6,1,1
2022-01-16,3,cs:3,62,110,3,3
2022-01-18,1,cs:1,177,139,3,1
2022-01-19,1,cs:1,33,54,1,1
2022-01-23,2,cs:2,1,3,2,2
2022-01-27,5,draigBrady:1|cs:4,243,226,14,5
2022-01-28,3,cs:1|draigBrady:2,67,27,5,3
2022-01-29,2,cs:2,203,214,8,2
2022-01-30,2,draigBrady:2,8,4,3,2
2022-01-31,49,cs:48|draigBrady:1,263,486,63,49
2022-02-01,1,bernhard-voelker:1,3,0,1,1
2022-02-04,3,cs:3,35,26,5,3
2022-02-05,3,draigBrady:1|cs:2,7,4,3,3
2022-02-08,1,cs:1,204,212,2,1
2022-02-12,9,draigBrady:7|cs:2,280,137,18,9
2022-02-13,1,draigBrady:1,112,64,4,1
2022-02-14,5,cs:2|draigBrady:3,165,123,8,5
2022-02-19,1,cs:1,1,1,1,1
2022-02-21,2,cs:2,39,19,5,2
2022-02-22,2,cs:2,188,144,6,2
2022-02-23,2,draigBrady:2,59,4,5,2
2022-02-24,2,cs:2,23,13,5,2
2022-03-05,1,cs:1,13,5,2,1
2022-03-07,4,draigBrady:3|redhat:1,16,5,8,4
2022-03-11,1,draigBrady:1,13,6,3,1
2022-03-18,2,draigBrady:2,76,3,5,2
2022-03-20,1,draigBrady:1,4,0,1,1
2022-03-22,1,iki:1,19,1,2,1
2022-03-25,1,draigBrady:1,21,4,1,1
2022-03-29,1,draigBrady:1,5,1,1,1
2022-04-03,2,draigBrady:2,9,5,4,2
2022-04-04,1,draigBrady:1,13,2,1,1
2022-04-07,2,draigBrady:1|bernhard-voelker:1,22,18,6,2
2022-04-08,1,draigBrady:1,1,1,1,1
2022-04-09,2,draigBrady:2,32,15,5,2
2022-04-10,2,draigBrady:2,12,12,3,2
2022-04-11,4,draigBrady:4,24,9,5,4
2022-04-12,7,draigBrady:3|cs:4,244,119,21,7
2022-04-13,2,draigBrady:2,9,7,4,2
2022-04-14,1,draigBrady:1,5,0,1,1
2022-04-15,3,draigBrady:3,7,4,5,3
2022-04-17,1,draigBrady:1,4,8,2,1
2022-04-19,4,cs:4,19,10,4,4
2022-04-20,2,cs:2,12,1,3,2
2022-04-27,1,prevas:1,49,15,5,1
2022-05-01,1,cs:1,12,15,2,1
2022-05-02,2,cs:1|draigBrady:1,5,2,3,2
2022-05-17,5,cs:5,62,65,9,5
2022-05-25,5,draigBrady:2|cs:3,15,11,5,5
2022-05-26,1,bernhard-voelker:1,1,1,1,1
2022-06-03,2,cs:2,20,13,8,2
2022-06-11,1,cs:1,26,27,2,1
2022-06-19,1,draigBrady:1,1,1,1,1
2022-06-20,1,cs:1,12,8,2,1
2022-06-23,2,meyering:2,6,2,2,2
2022-06-24,1,cs:1,23,18,1,1
2022-06-26,1,draigBrady:1,116,8,6,1
2022-07-03,1,users:1,1,1,1,1
2022-07-05,1,cs:1,3,0,1,1
2022-07-06,2,cs:2,24,4,3,2
2022-07-22,1,cs:1,11,1,2,1
2022-07-23,1,cs:1,19,10,1,1
2022-07-24,3,draigBrady:3,70,1,9,3
2022-07-26,1,draigBrady:1,10,8,2,1
2022-07-27,1,cs:1,11,13,1,1
2022-07-30,2,draigBrady:1|lse:1,3,1,2,2
2022-08-01,1,draigBrady:1,4,3,1,1
2022-08-12,2,draigBrady:2,23,5,6,2
2022-08-13,1,draigBrady:1,130,120,4,1
2022-08-27,6,draigBrady:6,61,30,11,6
2022-08-28,2,draigBrady:2,13,5,2,2
2022-08-31,3,draigBrady:3,62,13,5,3
2022-09-02,1,draigBrady:1,1,0,1,1
2022-09-04,1,draigBrady:1,114,9,4,1
2022-09-05,1,draigBrady:1,12,0,1,1
2022-09-11,2,draigBrady:2,69,57,3,2
2022-09-12,2,cs:2,1,11,11,2
2022-09-13,1,gmx:1,1,1,1,1
2022-09-15,5,cs:5,51,55,23,5
2022-09-17,1,cs:1,3,2,1,1
2022-09-18,1,gmail:1,11,11,10,1
2022-09-20,2,cs:2,10,1,2,2
2022-09-21,1,cs:1,58,55,5,1
2022-09-24,1,cs:1,1,1,1,1
2022-09-25,3,draigBrady:3,27,15,6,3
2022-09-27,4,draigBrady:4,34,10,14,4
2022-09-28,1,draigBrady:1,1,1,1,1
2022-09-30,1,draigBrady:1,4,2,1,1
2022-10-26,1,draigBrady:1,7,0,3,1
2022-10-27,2,draigBrady:2,26,22,5,2
2022-10-28,1,draigBrady:1,2,2,1,1
2022-11-14,2,cs:2,29,29,2,2
2022-11-15,5,draigBrady:3|cs:2,187,167,10,5
2022-11-19,1,cs:1,33,1,3,1
2022-11-20,1,aarsen:1,1,0,1,1
2022-11-28,1,draigBrady:1,8,2,1,1
2022-12-05,2,netstrata:1|cs:1,13,10,2,2
2022-12-06,2,cs:2,2,2,2,2
2022-12-15,2,cs:2,223,16,8,2
2022-12-26,3,cs:3,44,19,3,3
2022-12-28,1,draigBrady:1,13,1,3,1
2022-12-29,1,draigBrady:1,3,2,1,1
2022-12-30,1,draigBrady:1,8,2,2,1
2022-12-31,1,draigBrady:1,11,1,3,1
2023-01-01,2,draigBrady:2,844,839,820,2
2023-01-02,2,draigBrady:2,87,26,5,2
2023-01-03,2,bernhard-voelker:1|draigBrady:1,11,1,2,2
2023-01-05,3,cs:3,128,79,16,3
2023-01-06,1,draigBrady:1,21,13,9,1
2023-01-07,4,cs:3|draigBrady:1,32,21,5,4
2023-01-13,1,cs:1,1,44,2,1
2023-01-17,2,draigBrady:2,2,1,2,2
2023-01-20,2,meyering:2,263,54,8,2
2023-01-27,2,cs:1|draigBrady:1,65,19,8,2
2023-01-30,3,meyering:1|draigBrady:2,8,6,4,3
2023-01-31,4,cs:4,63,44,17,4
2023-02-01,1,draigBrady:1,17,2,3,1
2023-02-03,3,draigBrady:3,147,13,11,3
2023-02-04,3,cs:3,7,8,7,3
2023-02-05,2,draigBrady:2,24,6,5,2
2023-02-06,1,meta:1,49,7,3,1
2023-02-09,1,cs:1,8,10,1,1
2023-02-10,2,outlook:1|cs:1,112,18,7,2
2023-02-17,1,draigBrady:1,172,4,9,1
2023-02-18,3,cs:3,21,10,3,3
2023-02-20,1,meyering:1,1,0,1,1
2023-02-21,2,draigBrady:1|outlook:1,11,9,5,2
2023-02-23,3,draigBrady:2|cs:1,23,10,9,3
2023-02-24,2,draigBrady:2,16,5,4,2
2023-02-26,1,draigBrady:1,8,8,1,1
2023-02-27,2,draigBrady:2,10,5,4,2
2023-02-28,2,draigBrady:2,53,64,6,2
2023-03-02,1,draigBrady:1,46,5,4,1
2023-03-04,17,cs:17,376,320,29,17
2023-03-05,1,draigBrady:1,139,25,5,1
2023-03-06,2,draigBrady:1|cs:1,10,4,3,2
2023-03-07,2,draigBrady:1|cs:1,82,46,7,2
2023-03-08,1,draigBrady:1,0,4,1,1
2023-03-13,3,draigBrady:3,15,112,5,3
2023-03-15,3,clisp:1|draigBrady:2,7,5,4,3
2023-03-16,1,bernhard-voelker:1,2,2,1,1
2023-03-17,1,draigBrady:1,10,2,2,1
2023-03-18,3,draigBrady:3,13,10,3,3
2023-03-19,2,draigBrady:2,12,6,3,2
2023-03-20,2,draigBrady:2,6,3,4,2
2023-03-21,1,oracle:1,5,3,1,1
2023-03-23,2,draigBrady:2,55,29,4,2
2023-03-24,1,draigBrady:1,5,0,1,1
2023-03-25,1,cs:1,11,11,1,1
2023-03-28,3,cs:1|draigBrady:2,73,3,8,3
2023-03-29,1,draigBrady:1,64,7,3,1
2023-03-30,2,draigBrady:2,2,2,2,2
2023-04-01,1,draigBrady:1,194,36,8,1
2023-04-03,1,draigBrady:1,14,3,3,1
2023-04-07,1,draigBrady:1,53,12,4,1
2023-04-09,2,cs:2,7,2,3,2
2023-04-10,3,draigBrady:2|cs:1,14,12,5,3
2023-04-11,1,draigBrady:1,8,4,1,1
2023-04-12,1,draigBrady:1,4,14,1,1
2023-04-13,1,draigBrady:1,4,0,1,1
2023-04-15,1,draigBrady:1,3,1,1,1
2023-04-18,2,draigBrady:2,6,3,4,2
2023-04-21,1,draigBrady:1,22,3,3,1
2023-04-22,4,draigBrady:4,95,76,11,4
2023-04-23,1,draigBrady:1,7,2,2,1
2023-04-24,1,linux-m68k:1,7,1,1,1
2023-04-25,2,draigBrady:2,28,14,8,2
2023-04-26,8,redhat:1|draigBrady:2|cs:5,70,51,12,8
2023-04-30,2,draigBrady:2,8,5,2,2
2023-05-02,1,draigBrady:1,6,7,2,1
2023-05-03,1,draigBrady:1,21,5,3,1
2023-05-05,1,cs:1,30,25,1,1
2023-05-06,1,draigBrady:1,6,0,1,1
2023-05-07,3,cs:2|bernhard-voelker:1,35,17,5,3
2023-05-08,2,draigBrady:2,10,1,3,2
2023-05-13,1,draigBrady:1,4,4,1,1
2023-05-18,2,draigBrady:2,17,9,10,2
2023-05-19,4,draigBrady:4,16,14,13,4
2023-05-28,2,draigBrady:2,17,9,4,2
2023-05-30,1,cs:1,52,57,1,1
2023-05-31,2,draigBrady:2,12,10,3,2
2023-06-01,1,draigBrady:1,4,4,1,1
2023-06-05,1,cs:1,1,1,1,1
2023-06-06,2,draigBrady:2,5,0,2,2
2023-06-07,4,draigBrady:4,51,44,7,4
2023-06-08,1,draigBrady:1,3,4,2,1
2023-06-09,1,draigBrady:1,2,3,3,1
2023-06-10,1,draigBrady:1,21,5,4,1
2023-06-11,1,debian:1,204,204,204,1
2023-06-12,1,iki:1,8,5,1,1
2023-06-13,1,cs:1,25,121,4,1
2023-06-14,3,cs:3,17,36,5,3
2023-06-15,1,draigBrady:1,4,3,2,1
2023-06-19,2,cs:2,5,1,2,2
2023-06-21,1,cs:1,1,1,1,1
2023-06-22,2,draigBrady:1|clisp:1,20,1,6,2
2023-06-29,1,cs:1,1859,1824,128,1
2023-07-01,13,cs:12|draigBrady:1,2255,2126,180,13
2023-07-03,1,debian:1,6,0,1,1
2023-07-08,2,draigBrady:2,41,40,5,2
2023-07-11,2,draigBrady:2,81,3,5,2
2023-07-12,1,draigBrady:1,1,0,1,1
2023-07-13,1,meta:1,2,1,1,1
2023-07-15,5,draigBrady:5,102,85,26,5
2023-07-18,5,draigBrady:5,250,139,16,5
2023-07-20,1,draigBrady:1,11,6,2,1
2023-07-22,1,cs:1,25,4,3,1
2023-07-29,1,cs:1,5,1,2,1
2023-07-30,1,clisp:1,3,7,2,1
2023-07-31,15,cs:14|draigBrady:1,209,225,26,15
2023-08-01,5,draigBrady:2|manjaro:3,46,38,6,5
2023-08-02,2,cs:2,10,10,2,2
2023-08-03,1,cs:1,159,121,9,1
2023-08-08,3,clisp:1|cs:2,67,126,9,3
2023-08-10,1,clisp:1,4,1,3,1
2023-08-11,1,draigBrady:1,5,0,1,1
2023-08-12,3,draigBrady:1|cs:2,8,20,3,3
2023-08-14,3,clisp:2|draigBrady:1,4,4,3,3
2023-08-15,8,bernhard-voelker:2|cs:3|clisp:2|draigBrady:1,75,164,13,8
2023-08-16,1,draigBrady:1,0,2,1,1
2023-08-19,1,draigBrady:1,1,1,1,1
2023-08-21,3,draigBrady:3,166,112,6,3
2023-08-22,1,draigBrady:1,1,1,1,1
2023-08-23,1,draigBrady:1,11,1,2,1
2023-08-24,1,draigBrady:1,1,1,1,1
2023-08-26,1,clisp:1,4,1,1,1
2023-08-27,8,draigBrady:5|clisp:1|cs:2,56,38,12,8
2023-08-28,3,clisp:1|cs:2,144,151,75,3
2023-08-29,4,draigBrady:2|cs:2,183,721,16,4
2023-08-30,7,cs:7,44,88,20,7
2023-08-31,1,draigBrady:1,2,2,1,1
2023-09-01,3,cs:3,54,57,4,3
2023-09-02,1,cs:1,5,4,2,1
2023-09-04,3,cs:3,56,50,21,3
2023-09-05,2,cs:2,22,31,2,2
2023-09-08,3,cs:3,15,5,3,3
2023-09-11,1,draigBrady:1,5,0,1,1
2023-09-13,1,draigBrady:1,71,76,22,1
2023-09-14,1,debian:1,36,1,1,1
2023-09-17,1,debian:1,17,9,4,1
2023-09-18,1,redhat:1,58,28,4,1
2023-09-21,7,draigBrady:1|cs:6,68,73,13,7
2023-09-22,7,cs:7,135,128,19,7
2023-09-23,8,cs:8,256,315,13,8
2023-09-25,1,draigBrady:1,5,0,1,1
2023-09-27,1,draigBrady:1,104,14,9,1
2023-09-28,1,cs:1,10,5,2,1
2023-10-05,1,draigBrady:1,63,8,3,1
2023-10-06,1,draigBrady:1,2,2,3,1
2023-10-23,2,draigBrady:2,17,13,4,2
2023-10-25,4,draigBrady:1|cs:3,146,52,5,4
2023-10-27,6,draigBrady:2|cs:4,120,28,43,6
2023-10-28,4,cs:4,11,13,4,4
2023-10-30,4,cs:4,365,148,20,4
2023-11-03,1,draigBrady:1,34,1,3,1
2023-11-10,1,cs:1,1,1,1,1
2023-11-11,2,cs:2,12,15,2,2
2023-11-14,2,cs:2,48,89,21,2
2023-11-15,3,cs:3,25,41,3,3
2023-11-16,2,cs:2,42,58,6,2
2023-11-26,1,draigBrady:1,121,103,4,1
2023-11-29,1,canonical:1,81,15,4,1
2023-12-06,1,draigBrady:1,5,3,1,1
2023-12-08,1,draigBrady:1,2,2,1,1
2023-12-10,1,draigBrady:1,11,7,2,1
2023-12-11,3,draigBrady:3,12,14,4,3
2023-12-17,2,draigBrady:2,5,3,3,2
2023-12-19,2,draigBrady:1|googlemail:1,63,54,6,2
2023-12-27,3,draigBrady:3,131,374,13,3
2023-12-28,3,draigBrady:1|cs:2,25,17,4,3
2023-12-29,1,draigBrady:1,1,0,1,1
2023-12-31,3,cs:3,11,19,3,3
2024-01-01,1,draigBrady:1,830,830,829,1
2024-01-05,1,rfc1149:1,2,1,3,1
2024-01-10,1,debian:1,41,0,2,1
2024-01-16,1,cs:1,0,3,1,1
2024-01-17,1,draigBrady:1,13,14,8,1
2024-01-18,1,draigBrady:1,16,0,2,1
2024-01-25,2,gmail:2,108,29,14,2
2024-01-28,1,cs:1,4,0,1,1
2024-02-01,1,draigBrady:1,103,3,5,1
2024-02-05,1,draigBrady:1,72,36,9,1
2024-02-07,2,draigBrady:1|gmail:1,61,23,4,2
2024-02-16,1,michel-slm:1,35,34,1,1
2024-02-17,7,wooledge:1|cs:6,6,26,9,7
2024-02-18,1,gmail:1,3,3,3,1
2024-02-19,1,draigBrady:1,1,0,1,1
2024-02-24,3,cs:1|draigBrady:1|paranoici:1,176,176,23,3
2024-02-25,2,cs:2,83,1,3,2
2024-02-26,4,draigBrady:3|clisp:1,16,6,5,4
2024-02-27,4,clisp:1|draigBrady:2|uniontech:1,30,17,13,4
2024-02-28,1,draigBrady:1,23,15,2,1
2024-02-29,1,malat:1,99,1,5,1
2024-03-04,1,draigBrady:1,9,5,2,1
2024-03-05,1,draigBrady:1,1,99,5,1
2024-03-06,1,draigBrady:1,21,7,2,1
2024-03-11,3,draigBrady:2|iki:1,43,14,5,3
2024-03-12,3,gmail:3,72,9,3,3
2024-03-13,1,draigBrady:1,31,26,1,1
2024-03-15,1,draigBrady:1,4,0,1,1
2024-03-16,1,cs:1,1,1,1,1
2024-03-17,1,draigBrady:1,7,27,2,1
2024-03-19,3,draigBrady:3,47,14,6,3
2024-03-20,2,cs:2,117,27,8,2
2024-03-21,1,draigBrady:1,3,1,1,1
2024-03-22,2,cs:2,49,87,2,2
2024-03-23,1,draigBrady:1,1,1,1,1
2024-03-24,6,chazelas:1|draigBrady:5,31,28,10,6
2024-03-25,5,draigBrady:5,17,6,6,5
2024-03-26,4,draigBrady:4,13,7,4,4
2024-03-27,1,clisp:1,1,1,1,1
2024-03-28,2,draigBrady:2,6,3,4,2
2024-03-31,1,gmail:1,13,46,2,1
2024-04-01,1,draigBrady:1,1,1,1,1
2024-04-04,1,draigBrady:1,11,1,2,1
2024-04-06,4,cs:4,45,16,5,4
2024-04-07,1,draigBrady:1,5,0,1,1
2024-04-12,1,draigBrady:1,1,1,1,1
2024-04-16,1,gmail:1,0,1,1,1
2024-04-17,1,cs:1,15,13,3,1
2024-04-19,1,cs:1,32,5,3,1
2024-04-20,1,draigBrady:1,13,7,3,1
2024-04-23,1,draigBrady:1,11,1,1,1
2024-04-27,1,draigBrady:1,112,102,3,1
2024-05-01,3,draigBrady:2|gmail:1,14,2,5,3
2024-05-03,2,draigBrady:1|debian:1,24,2,4,2
2024-05-05,3,mail:3,88,76,13,3
2024-05-07,1,gmail:1,3,1,1,1
2024-05-09,1,draigBrady:1,15,15,3,1
2024-05-10,1,debian:1,29,0,1,1
2024-05-12,1,draigBrady:1,61,11,6,1
2024-05-14,1,gmail:1,3,4,1,1
2024-05-16,7,cs:7,46,33,11,7
2024-05-20,1,cs:1,1,1,1,1
2024-05-21,2,draigBrady:2,3,2,2,2
2024-05-22,1,debian:1,58,0,1,1
2024-05-24,1,cs:1,24,23,2,1
2024-05-28,1,draigBrady:1,13,2,2,1
2024-06-01,1,bernhard-voelker:1,1,1,1,1
2024-06-25,1,clisp:1,3,2,1,1
2024-06-26,1,draigBrady:1,3,0,1,1
2024-06-27,1,draigBrady:1,28,20,2,1
2024-06-29,2,gmail:2,10,21,5,2
2024-06-30,1,gmail:1,1,1,1,1
2024-07-01,1,debian:1,11,0,1,1
2024-07-02,2,draigBrady:2,15,15,3,2
2024-07-03,1,gmail:1,4,706,3,1
2024-07-10,1,bernhard-voelker:1,7,0,1,1
2024-07-15,4,cs:4,26,25,5,4
2024-07-21,1,draigBrady:1,2,3,2,1
2024-07-29,1,gmail:1,35,82,8,1
2024-08-03,7,cs:3|draigBrady:4,46,16,9,7
2024-08-04,2,draigBrady:1|cs:1,15,5,2,2
2024-08-08,1,linuxfoundation:1,2,2,1,1
2024-08-09,2,cs:2,2,1,2,2
2024-08-10,10,cs:10,282,263,33,10
2024-08-11,3,draigBrady:3,36,55,8,3
2024-08-15,2,cs:2,2,5,6,2
2024-08-19,1,draigBrady:1,15,3,3,1
2024-08-24,2,gmail:2,23,9,4,2
2024-08-25,1,draigBrady:1,0,6,2,1
2024-08-28,1,draigBrady:1,20,17,1,1
2024-08-29,1,draigBrady:1,1,1,1,1
2024-09-03,1,gmail:1,0,8,1,1
2024-09-11,1,draigBrady:1,233,68,5,1
2024-09-23,5,draigBrady:5,18,27,10,5
2024-09-25,5,cs:5,57,96,9,5
2024-09-26,10,cs:10,219,183,11,10
2024-09-27,3,cs:3,63,32,3,3
2024-09-29,4,cs:2|bernhard-voelker:2,49,86,4,4
2024-10-01,5,cs:5,56,49,5,5
2024-10-02,6,draigBrady:3|redhat:1|cs:2,248,229,8,6
2024-10-03,2,draigBrady:2,8,4,3,2
2024-10-06,2,bernhard-voelker:1|gmail:1,6,4,3,2
2024-10-13,1,redhat:1,2,2,2,1
2024-10-14,2,clisp:1|draigBrady:1,100,6,4,2
2024-10-17,1,debian:1,9,1,1,1
2024-10-18,2,debian:1|draigBrady:1,57,8,5,2
2024-10-30,1,draigBrady:1,43,33,3,1
2024-10-31,1,gmail:1,7,7,2,1
2024-11-01,4,draigBrady:3|gmail:1,135,41,17,4
2024-11-04,1,clisp:1,6,6,1,1
2024-11-06,6,cs:6,73,68,13,6
2024-11-07,17,cs:17,253,347,23,17
2024-11-08,9,cs:9,135,164,9,9
2024-11-09,3,draigBrady:1|cs:2,18,1,3,3
2024-11-11,4,draigBrady:3|cs:1,53,21,8,4
2024-11-12,1,draigBrady:1,17,12,1,1
2024-11-14,1,cs:1,2,2,1,1
2024-11-16,1,cs:1,2,1,1,1
2024-11-17,1,cs:1,77,49,2,1
2024-11-18,5,draigBrady:2|cs:3,147,119,7,5
2024-11-19,10,cs:6|draigBrady:2|gmail:2,65,40,15,10
2024-11-20,1,cs:1,3,3,1,1
2024-11-24,1,draigBrady:1,2,2,1,1
2024-11-26,2,draigBrady:1|gmail:1,561,13,8,2
2024-11-28,1,gmail:1,307,2,6,1
2024-12-04,1,draigBrady:1,22,10,4,1
2024-12-11,1,cs:1,15,15,1,1
2024-12-16,1,gmail:1,4,4,1,1
2024-12-18,1,draigBrady:1,9,3,4,1
2024-12-20,1,draigBrady:1,18,10,4,1
2024-12-21,2,draigBrady:2,22,9,8,2
2024-12-30,7,debian:1|cs:4|draigBrady:2,125,117,39,7
2025-01-01,2,draigBrady:2,844,840,840,2
2025-01-06,2,draigBrady:2,52,116,7,2
2025-01-08,2,cs:1|draigBrady:1,22,3,4,2
2025-01-09,2,cs:1|draigBrady:1,21,5,4,2
2025-01-11,1,draigBrady:1,4,5,2,1
2025-01-12,2,draigBrady:2,6,4,2,2
2025-01-13,4,draigBrady:2|cs:1|gmail:1,16,10,4,4
2025-01-14,4,cs:2|draigBrady:2,47,42,4,4
2025-01-15,9,draigBrady:9,36,14,11,9
2025-01-16,6,draigBrady:3|cs:1|clisp:2,27,5,7,6
2025-01-17,4,draigBrady:4,20,9,8,4
2025-01-19,3,gmail:3,6,7,5,3
2025-01-20,2,draigBrady:2,25,19,12,2
2025-01-22,1,draigBrady:1,13,14,2,1
2025-01-28,1,draigBrady:1,7,0,1,1
2025-01-29,1,draigBrady:1,2,2,1,1
2025-02-02,2,cs:2,47,31,16,2
2025-02-04,1,cs:1,1,1,1,1
2025-02-05,3,draigBrady:3,47,18,3,3
2025-02-06,1,gmail:1,6,6,1,1
2025-02-13,1,cs:1,11,3,1,1
2025-02-14,2,cs:2,20,15,3,2
2025-02-15,1,gmail:1,1,0,1,1
2025-02-17,2,cs:2,9,3,3,2
2025-02-18,6,cs:6,102,109,21,6
2025-02-19,1,cs:1,2,3,1,1
2025-02-20,3,draigBrady:3,41,47,15,3
2025-02-24,1,redhat:1,6,1,3,1
2025-03-09,3,draigBrady:1|cs:1|dalibo:1,15,3,4,3
2025-03-10,1,draigBrady:1,57,0,2,1
2025-03-15,1,draigBrady:1,1,0,1,1
2025-03-20,1,draigBrady:1,4,2,2,1
2025-03-22,2,draigBrady:2,3,3,2,2
2025-03-23,1,cs:1,12,3,1,1
2025-03-28,1,draigBrady:1,5,1,2,1
2025-03-30,1,draigBrady:1,8,2,1,1
2025-04-04,3,draigBrady:2|gmail:1,24,4,9,3
2025-04-05,3,draigBrady:7|cs:1,200343,32,1214,3
2025-04-06,2,meyering:2|meta:1,3,3,2,2
2025-04-07,4,cs:3|draigBrady:1,146,46,12,4
2025-04-08,3,clisp:1|draigBrady:2,10,4,3,3
2025-04-09,2,draigBrady:2,6,3,4,2
2025-04-12,1,cs:1,7,6,1,1
